Description_lang,SourceText_lang,ID,CreatureID,SummonSpellID,IconFileDataID,PetTypeEnum,Flags,SourceTypeEnum,CardUIModelSceneID,LoadoutUIModelSceneID,CovenantID
,,2,61892,0,132332,4,49,-1,6,7,0
机械松鼠体内的逻辑运算中心告诉它，要多多采集坚果和螺栓，以备冬季取用。,|cFFFFD200专业技能：|r工程学,39,2671,4055,656559,9,2,3,6,7,0
冬妮·安萨妮娅计划在她临终时找一只灰猫陪葬，聪明的冒险者此刻又能大展身手了。,|cFFFFD200商人出售：|r冬妮·安萨妮娅|n|cFFFFD200地区：|r艾尔文森林|n|cFFFFD200价格：|r40|TINTERFACE\MONEYFRAME\UI-SILVERICON.BLP:0|t,40,7385,10673,656575,7,2,2,6,7,0
冬妮·安萨妮娅邀请这些猫来她的午后茶会，但她没有提供它们最爱的饮品：敌人的眼泪。,|cFFFFD200商人出售：|r冬妮·安萨妮娅|n|cFFFFD200地区：|r艾尔文森林|n|cFFFFD200价格：|r40|TINTERFACE\MONEYFRAME\UI-SILVERICON.BLP:0|t,41,7384,10674,656577,7,2,2,6,7,0
老奥特兰克俗语说：‘猫有九命，但却只需要其中之一。’,|cFFFFD200掉落：|r世界掉落|n|cFFFFD200地区：|r希尔斯布莱德丘陵,42,7383,10675,656574,7,2,0,6,7,0
上一个想要驯服这只猫的家伙很快意识到，地毯上有点污渍，总比整张地毯被撕成碎片来的强。,|cFFFFD200商人出售：|r冬妮·安萨妮娅、史蒂文·里斯班|n|cFFFFD200地区：|r艾尔文森林|n|cFFFFD200价格：|r40|TINTERFACE\MONEYFRAME\UI-SILVERICON.BLP:0|t,43,7382,10676,656578,7,2,2,6,7,0
它漂亮的蓝眼睛闻名遐迩，同时也被大鱼人视为美味佳肴。,|cFFFFD200商人出售：|r商人拉沙德|n|cFFFFD200地区：|r虚空风暴|n|cFFFFD200价格：|r60|TINTERFACE\MONEYFRAME\UI-SILVERICON.BLP:0|t,44,7380,10677,656579,7,2,2,6,7,0
睡懒觉是这只猫的第二大嗜好。第一大嗜好是打哈欠。,|cFFFFD200商人出售：|r冬妮·安萨妮娅|n|cFFFFD200地区：|r艾尔文森林|n|cFFFFD200价格：|r40|TINTERFACE\MONEYFRAME\UI-SILVERICON.BLP:0|t,45,7381,10678,656580,7,2,2,6,7,0
‘皇后有三只猫。第一只猫给她抓来了肥硕的老鼠；第二只猫给她弄来了美味的野兔；而最后那只她最爱的白猫，给她送上了仇敌的头颅。’,|cFFFFD200商人出售：|r利尔·迪米|n|cFFFFD200地区：|r暴风城|n|cFFFFD200价格：|r60|TINTERFACE\MONEYFRAME\UI-SILVERICON.BLP:0|t,46,7386,10679,656581,7,2,2,6,7,0
有人说这只聪明的鸟能学会说话——但它很机灵，知道什么叫沉默是金。,|cFFFFD200商人出售：|r哈瑞·直拳、纳尔克|n|cFFFFD200地区：|r荆棘谷海角|n|cFFFFD200价格：|r40|TINTERFACE\MONEYFRAME\UI-SILVERICON.BLP:0|t,47,7390,10680,132921,2,2,2,6,7,0
丛林巨魔训练这些鸟儿模仿呼救声，引诱那些无知的旅行者并将他们引入陷阱。,|cFFFFD200掉落：|r世界掉落|n|cFFFFD200地区：|r北荆棘谷、荆棘谷海角,49,7391,10682,132921,2,2,0,6,7,0
这种五彩缤纷的小鸟是迪菲亚海盗喜爱的宠物，擅长记忆口令，购物清单和爆竹配方。,|cFFFFD200掉落：|r迪菲亚海盗|n|cFFFFD200地区：|r死亡矿井,50,7387,10683,132925,2,2,0,6,7,0
深受藏宝海湾地精们所喜爱的一个宠物，这只色彩艳丽的小鸟不仅会数钱，还会讨价还价，而且撒谎从不脸红。,|cFFFFD200商人出售：|r纳尔克、哈瑞·直拳|n|cFFFFD200地区：|r荆棘谷海角|n|cFFFFD200价格：|r40|TINTERFACE\MONEYFRAME\UI-SILVERICON.BLP:0|t|n|n|cFFFFD200商人出售：|r商人拉沙德|n|cFFFFD200地区：|r虚空风暴|n|cFFFFD200价格：|r40|TINTERFACE\MONEYFRAME\UI-SILVERICON.BLP:0|t,51,7389,10684,132924,2,2,2,6,7,0
在它看来，你吃上去也像鸡肉。,|cFFFFD200商人出售：|r勇敢的强森|n|cFFFFD200地区：|r千针石林|n|cFFFFD200价格：|r1|TINTERFACE\MONEYFRAME\UI-GOLDICON.BLP:0|t,52,7394,10685,135996,2,2,2,6,7,0
这只蟑螂通常是冲动消费的产物。购买者总是使劲浑身解数也难以摆脱它。,|cFFFFD200商人出售：|r商人拉沙德|n|cFFFFD200地区：|r虚空风暴|n|cFFFFD200价格：|r50|TINTERFACE\MONEYFRAME\UI-SILVERICON.BLP:0|t|n|n|cFFFFD200商人出售：|r杰雷米亚·派森|n|cFFFFD200地区：|r提瑞斯法林地|n|cFFFFD200价格：|r50|TINTERFACE\MONEYFRAME\UI-SILVERICON.BLP:0|t,55,7395,10688,294474,4,2,2,6,7,0
但愿有一天，它能长成像它母亲那样能够攻城拔寨的巨龙。,|cFFFFD200掉落：|r各色雏龙|n|cFFFFD200地区：|r湿地、尘泥沼泽、荒芜之地、燃烧平原,56,7543,10695,134154,1,2,0,6,7,0
和蓝龙军团的其他成员一样，这些古怪的小龙展现出了对奥术魔法的非凡亲和力。,|cFFFFD200掉落：|r世界掉落|n|cFFFFD200地区：|r冬泉谷,57,7547,10696,134155,1,2,0,6,7,0
这头小龙来自湿地，还在学习捕猎、喷火并不断可爱地发着毁灭性脾气。,|cFFFFD200掉落：|r世界掉落|n|cFFFFD200地区：|r湿地,58,7544,10697,134158,1,2,0,6,7,0
这种独特的雏龙曾由绿龙伊萨里奥斯孵化并抚育，已经在菲拉斯的丛林中安居了下来。,|cFFFFD200掉落：|r毒性雏龙|n|cFFFFD200地区：|r菲拉斯,59,7545,10698,134157,1,2,0,6,7,0
暗月马戏团的商贩经常卖一些稀奇古怪的东西，林蛙就是其中之一。,|cFFFFD200商人出售：|r弗里克|n|cFFFFD200地区：|r暗月岛|n|cFFFFD200价格：|r1|TINTERFACE\MONEYFRAME\UI-GOLDICON.BLP:0|t,64,7550,10703,237579,8,2,2,6,7,0
它们以强劲的腿脚和敏锐的视力著称于世。,|cFFFFD200商人出售：|r弗里克|n|cFFFFD200地区：|r暗月岛|n|cFFFFD200价格：|r1|TINTERFACE\MONEYFRAME\UI-GOLDICON.BLP:0|t,65,7549,10704,237579,8,2,2,6,7,0
在泰达希尔的德鲁伊中，这种黑色羽毛的猛禽经常被视为是末日来临的先兆。,|cFFFFD200商人出售：|r夏琳奈尔|n|cFFFFD200地区：|r泰达希尔|n|cFFFFD200价格：|r50|TINTERFACE\MONEYFRAME\UI-SILVERICON.BLP:0|t,67,7555,10706,132150,2,2,2,6,7,0
暗夜精灵的孩子在他们第一次生日时都会得到一根猫头鹰的羽毛，它象征着好运常伴。,|cFFFFD200商人出售：|r夏琳奈尔|n|cFFFFD200地区：|r泰达希尔|n|cFFFFD200价格：|r50|TINTERFACE\MONEYFRAME\UI-SILVERICON.BLP:0|t,68,7553,10707,132150,2,2,2,6,7,0
冬泉谷的熊怪很珍视这些美丽生物的雪白羽毛，并将其用于举行仪式。,|cFFFFD200宠物对战：|r冬泉谷|n|cFFFFD200季节：|r冬季,69,7554,0,132150,2,26,4,6,7,0
一个相当复杂的地道系统保护了土拨鼠免遭邻居的大蹄子踩踏。,|cFFFFD200商人出售：|r哈尔帕、纳莉|n|cFFFFD200地区：|r莫高雷|n|cFFFFD200价格：|r50|TINTERFACE\MONEYFRAME\UI-SILVERICON.BLP:0|t,70,14421,10709,2126349,4,2,2,6,7,0
要是你一直追逐雪兔，那你就离摔跟头不远了。,|cFFFFD200商人出售：|r亚尔林·冻石|n|cFFFFD200地区：|r丹莫罗|n|cFFFFD200价格：|r20|TINTERFACE\MONEYFRAME\UI-SILVERICON.BLP:0|t,72,7560,10711,132762,4,2,2,6,7,0
肯瑞托法师最钟爱的小伙伴之一。这个爬来爬去的小家伙最让人困惑的是——它究竟算是蛇呢，还是其他什么。,|cFFFFD200商人出售：|r布琳妮|n|cFFFFD200地区：|r达拉然|n|cFFFFD200价格：|r50|TINTERFACE\MONEYFRAME\UI-GOLDICON.BLP:0|t,74,7561,10713,136040,7,2,2,6,7,0
克萨迪斯大胆地追踪、捕获并驯服那些大蟒蛇，以便它们能在战斗中呼朋唤友。,|cFFFFD200商人出售：|r克萨迪斯|n|cFFFFD200地区：|r奥格瑞玛|n|cFFFFD200价格：|r50|TINTERFACE\MONEYFRAME\UI-SILVERICON.BLP:0|t,75,7565,10714,136040,7,2,2,6,7,0
这些棕色蟒蛇原产于部落控制的地区。它看上去并不显眼，直到猎物走进其攻击范围。,|cFFFFD200商人出售：|r克萨迪斯|n|cFFFFD200地区：|r奥格瑞玛|n|cFFFFD200价格：|r50|TINTERFACE\MONEYFRAME\UI-SILVERICON.BLP:0|t,77,7562,10716,136040,7,2,2,6,7,0
这条赤练蛇深受暗矛巨魔的喜爱，不仅是因为它超强的毒性，还因为它不变的忠诚。,|cFFFFD200商人出售：|r商人拉沙德|n|cFFFFD200地区：|r虚空风暴|n|cFFFFD200价格：|r50|TINTERFACE\MONEYFRAME\UI-SILVERICON.BLP:0|t|n|n|cFFFFD200商人出售：|r克萨迪斯|n|cFFFFD200地区：|r奥格瑞玛|n|cFFFFD200价格：|r50|TINTERFACE\MONEYFRAME\UI-SILVERICON.BLP:0|t,78,7567,10717,136040,7,2,2,6,7,0
别担心，我想这个单位的战斗机制和归返逻辑都已被禁用了。——奥格索普·奥布诺提斯,|cFFFFD200任务：|r你自己的OOX|n|cFFFFD200地区：|r藏宝海湾|n,83,8376,12243,656513,9,18,1,6,7,0
别管这只鸟叫小鸡，除非你想让自己的脸被鸡蛋砸开花。,|cFFFFD200任务：|r咕咕嘎！|n|cFFFFD200地区：|r西部荒野,84,30379,13548,135996,2,18,1,6,7,0
也许易爆，绝对可爱。远离明火。,|cFFFFD200专业技能：|r工程学,85,9656,15048,133712,9,2,3,6,7,0
这个微小的维和安全机器人通常装备有最新式的施法者克星和群体打击者。不适用于环保人士。,|cFFFFD200专业技能：|r工程学,86,9657,15049,294476,9,2,3,35,7,0
这些可爱的小家伙在经过一天的野蛮、血腥的战斗后，最喜欢和它们的主人依偎在一起。,|cFFFFD200掉落：|r世界掉落|n|cFFFFD200地区：|r菲拉斯,87,9662,15067,657499,1,2,0,6,7,0
座狼是兽人们喜爱的伙伴，并在战场上极其忠诚。,|cFFFFD200掉落：|r军需官兹格雷斯|n|cFFFFD200地区：|r黑石塔下层,89,10259,15999,132599,7,2050,0,6,7,0
虽然出生在温暖的黑石塔高层，但烟网小蜘蛛能够适应绝大部分环境。,|cFFFFD200掉落：|r烟网蛛后|n|cFFFFD200地区：|r黑石塔下层,90,10598,16450,132598,7,2,0,6,7,0
这只迷你熊猫幼崽尽管天生嗜睡，却广受艾泽拉斯冒险者的追捧。,|cFFFFD200特殊：|r《魔兽世界》典藏版,92,11325,17707,132494,7,82,7,6,7,0
天穹将要震颤，凡人注定悲泣，而末日将会——等等，你怎么这么高？,|cFFFFD200特殊：|r《魔兽世界》典藏版,93,11326,17708,132787,5,82,7,6,7,0
异虫大军的成员，体型微小却凶猛善战，千万不要低估了跳虫的实力。如果成批来袭，是非常危险的。,|cFFFFD200特殊：|r《魔兽世界》典藏版,94,11327,17709,136217,4,131154,7,6,7,0
天赋异禀的工程师们制造出了林蛙的精密复制体——成本仅相当于真品价格的十倍。,|cFFFFD200专业技能：|r工程学,95,12419,19772,237579,9,2,3,6,7,0
许多人认为传说中的醉蛙已经灭绝了，直到暗月马戏团的怪味酒把它们都吸引了出来。,|cFFFFD200世界事件：|r暗月马戏团,106,14878,23811,237579,8,18,6,6,7,0
这只可爱又隐居避世的鱼人，其外表一定能吸引大批围观者。,|cFFFFD200特殊：|r2005年暴雪嘉年华,107,15186,24696,656556,0,16466,7,6,7,0
乐奇那可爱迷人的气质和活泼搞怪的动作，必然能舒缓沮丧，令最晦暗的心情焕发光亮。,|cFFFFD200特殊：|r“燃烧的远征”典藏版（仅限欧洲）|n,111,15358,24988,656558,0,16466,7,6,7,0
警告：请在接触恶心的软泥怪时佩戴手套和护目镜。请勿水洗。可污染大部分护甲。,|cFFFFD200掉落：|r世界掉落|n|cFFFFD200怪物：|r软泥怪和蠕虫类,114,15429,25162,132107,5,131074,0,6,7,0
出生后，新生的小鲨鱼会立即逃离它们饥饿的母亲。过早的独立使它们更加危险，即便是小鲨鱼,|cFFFFD200专业技能：|r钓鱼|n|cFFFFD200商人出售：|r纳特·帕格|n|cFFFFD200地区：|r要塞，渔夫小屋|n|cFFFFD200价格：|r50|Tinterface\icons\inv_misc_coin_19.blp:0|t,115,86445,172695,294472,8,2,3,6,7,0
在这个聪明小玩意的内部装有秘密开关，可禁用‘安静’模式。所幸就连制作它的工程师都不知道这个开关在哪儿。,|cFFFFD200专业技能：|r工程学,116,15699,26010,132189,9,2,3,36,7,0
他很爱和你跳舞，和你摇摆，和你嬉戏！他会在冬幕节之后融化。别担心，他还会再回来的！,|cFFFFD200世界事件：|r冬幕节|n,117,15710,26045,655957,6,2,6,6,7,0
等不及要打开包装精美的节日礼盒了。,|cFFFFD200世界事件：|r冬幕节,118,15706,26529,133706,4,2,6,6,7,0
这些小家伙不知疲倦地在为冬幕节做精心准备，并且在接下来的日子中如果能不被打扰，他们就很感激了。,|cFFFFD200世界事件：|r冬幕节,119,15698,26533,133204,0,131074,6,39,7,0
在宏大的冬幕节庆典期间，这些忠实的小伙伴将快乐传播至整个大陆。在接下来的日子里，她们可有的忙了。,|cFFFFD200世界事件：|r冬幕节,120,15705,26541,133202,0,131074,6,39,7,0
咕唧生来就是个表演者，尽管她很少抛头露面，只在极为难得的场合才会公开亮相。,|cFFFFD200特殊：|r欧洲Fansite活动|n,121,16069,27241,656557,0,16466,7,6,7,0
爱情的力量也会成为危险的东西，特别是当一个轻浮且脾气暴躁的地精坠入爱河时。,|cFFFFD200世界事件：|r情人节|n|cFFFFD200商人出售：|r可爱的商贩|n|cFFFFD200价格：|r40|TINTERFACE\ICONS\INV_ValentinesCard01:0|t|n,122,16085,27570,132382,0,2,6,6,7,0
这只小家伙和它的同类有着许多相似之处，但其吟唱能力却自成一格。,|cFFFFD200特殊：|riCoke,124,16456,28505,132498,7,16466,7,6,7,0
稳扎稳打才能赢得这场比赛。,|cFFFFD200世界事件：|r儿童周,125,16547,28738,656341,8,2,6,6,7,0
许多人相信‘扭扭’这名字取自于这头猪走路时屁股扭扭的样子，直到他们看到自己的时候才明白其中的真正含义。,|cFFFFD200世界事件：|r儿童周,126,16548,28739,132514,4,2,6,6,7,0
古灵精怪的吱吱能通过装死躲避捕食者和收藏家。,|cFFFFD200世界事件：|r儿童周,127,16549,28740,294480,4,2,6,6,7,0
这一小块夏季元素散发着温暖夏夜和雷雨的气息。如果你凑近仔细看，或许能看清它的五官。,|cFFFFD200世界事件：|r仲夏火焰节|n|cFFFFD200商人出售：|r仲夏商人|n|cFFFFD200价格：|r350|TINTERFACE\ICONS\INV_SummerFest_FireFlower:0|t,128,16701,28871,134813,6,2,6,6,7,0
在鹰身人入侵菲拉斯之后，几个角鹰兽筑巢地遭到了攻击。数百只角鹰幼兽变成了孤儿，萨尔多岛上的德鲁伊们肩负起了抚养它们的责任。,|cFFFFD200集换式卡牌：|r艾泽拉斯英雄传,130,17255,30156,132833,2,2,8,6,7,0
作为外域虚空幼龙的后代，这只幼龙仍在努力成长为空中猎手、保护者或是令人敬畏的恐怖力量。,|cFFFFD200特殊：|r“燃烧的远征”典藏版,131,18381,32298,134539,1,82,7,6,7,0
只有神奇的愿望才能造就魔法龙虾。如果你想要钓到这种鱼，就得心怀愿望才行。,|cFFFFD200钓鱼：|r钓鱼（430）|n|cFFFFD200地区：|r泰罗卡森林（渔点）,132,18839,33050,133900,8,2,3,6,7,0
自从了解到它们能以奥术能量为食后，虚灵拉沙德就开始喂养这些魔法生物了。,|cFFFFD200商人出售：|r商人拉沙德|n|cFFFFD200地区：|r虚空风暴|n|cFFFFD200价格：|r40|TINTERFACE\MONEYFRAME\UI-GOLDICON.BLP:0|t,136,20408,35156,136006,5,2,2,6,7,0
这只兔子的对手一定是头一次见到这么可爱的小东西。也是最后一次。,|cFFFFD200商人出售：|r商人拉沙德|n|cFFFFD200地区：|r虚空风暴|n|cFFFFD200价格：|r10|TINTERFACE\MONEYFRAME\UI-GOLDICON.BLP:0|t,137,20472,35239,132762,4,2,2,6,7,0
秘蓝岛的濒危物种，谣传这种散发着魔力的昆虫拥有治疗能力。,|cFFFFD200商人出售：|r希克斯|n|cFFFFD200地区：|r埃索达|n|cFFFFD200价格：|r50|TINTERFACE\MONEYFRAME\UI-SILVERICON.BLP:0|t,138,21010,35907,236193,2,2,2,6,7,0
一种受到了原始魔法能量影响的产物。该昆虫原是艾泽拉斯的蛾类生物，引进至虚空风暴的生态圆顶后，其颜色变得异常艳丽。,|cFFFFD200商人出售：|r商人拉沙德|n|cFFFFD200地区：|r虚空风暴|n|cFFFFD200价格：|r10|TINTERFACE\MONEYFRAME\UI-GOLDICON.BLP:0|t,139,21009,35909,236193,2,2,2,6,7,0
它喜欢在暴风骤雨中飞行，这在秘蓝岛上是平常事。,|cFFFFD200商人出售：|r希克斯|n|cFFFFD200地区：|r埃索达|n|cFFFFD200价格：|r50|TINTERFACE\MONEYFRAME\UI-SILVERICON.BLP:0|t,140,21008,35910,236193,2,2,2,6,7,0
它喜欢在多雾的夜间翱翔，这在秘蓝岛上是平常事。,|cFFFFD200商人出售：|r希克斯|n|cFFFFD200地区：|r埃索达|n|cFFFFD200价格：|r50|TINTERFACE\MONEYFRAME\UI-SILVERICON.BLP:0|t,141,21018,35911,236193,2,2,2,6,7,0
曾一度被银月城的龙鹰饲养员视为珍宝。由于夜间在捕食者眼中非常显眼，使得它在幼年时期就练出了极高的警惕性。,|cFFFFD200商人出售：|r基尔兰妮|n|cFFFFD200地区：|r永歌森林（燃烧的远征）|n|cFFFFD200价格：|r50|TINTERFACE\MONEYFRAME\UI-SILVERICON.BLP:0|t,142,21055,36027,132188,1,2,2,6,7,0
普通敌人只配有银色龙鹰，只有那些精英才配有金色龙鹰。,|cFFFFD200商人出售：|r基尔兰妮|n|cFFFFD200地区：|r永歌森林（燃烧的远征）|n|cFFFFD200价格：|r50|TINTERFACE\MONEYFRAME\UI-SILVERICON.BLP:0|t,143,21064,36028,132188,1,2,2,6,7,0
凶猛的龙鹰种类。经常能看到它从高空俯冲下来，进行掠食。,|cFFFFD200商人出售：|r基尔兰妮|n|cFFFFD200地区：|r永歌森林（燃烧的远征）|n|cFFFFD200价格：|r50|TINTERFACE\MONEYFRAME\UI-SILVERICON.BLP:0|t,144,21063,36029,132188,1,2,2,6,7,0
尽管鲜有人饲养，但商人们还是很愿意在虚空风暴进行交易。,|cFFFFD200商人出售：|r商人拉沙德|n|cFFFFD200地区：|r虚空风暴|n|cFFFFD200价格：|r10|TINTERFACE\MONEYFRAME\UI-GOLDICON.BLP:0|t,145,21056,36031,132188,1,2,2,6,7,0
这种荧光昆虫通常被航行于赞加沼泽航道上的孢子人当成光源来使用，并帮助他们躲避危险的水光针刺者。,|cFFFFD200掉落：|r水光针刺者|n|cFFFFD200地区：|r赞加沼泽,146,21076,36034,236196,2,2,0,6,7,0
天空之翼变回真实鸦人形态时所释放的魔法能量，解救了这只可怜的小动物——卢埃加囚禁了这只雏鸟，以强化他的禽鸟诅咒。,|cFFFFD200任务：|r天空之翼|n|cFFFFD200地区：|r泰罗卡森林|n|n,149,22445,39181,132598,2,18,1,6,7,0
许多在美酒节上喝的酩酊大醉的人都谈论过这个神秘生物，但极少数人在第二天早晨醒来还记得住。,|cFFFFD200世界事件：|r美酒节,153,22943,39709,132800,4,2,6,6,7,0
金猪在发怒或进食时都会尖叫。不论是上述哪种情形，最好都别去打搅他。,|cFFFFD200特殊：|r2007年暴雪全球邀请赛|n,155,23198,40405,133858,4,16466,7,6,7,0
虽然万般不愿意与蕉蕉分离，兰德鲁还是意识到，等到他爸爸穆克拉发现他失踪时，这只宠物还是远离藏宝海湾的好。,|cFFFFD200集换式卡牌：|r穿越黑暗之门,156,23234,40549,133980,7,2,8,6,7,0
他虽然有点坏坏的，但极度嗜睡。让他远离小动物！,|cFFFFD200世界事件：|r儿童周,157,23231,40613,294482,5,131074,6,6,7,0
辛多雷使用陆行鸟作为坐骑，但这个小家伙因为被诊断出患有多重焦虑症而被视为不符合要求的坐骑。,|cFFFFD200世界事件：|r儿童周,158,23258,40614,294475,4,2,6,6,7,0
德莱尼人以驯服的雷象为坐骑，在野外它们通常因为珍贵的象牙而被猎杀。,|cFFFFD200世界事件：|r儿童周,159,23266,40634,656598,4,2,6,6,7,0
臭臭靠自己的臭味来吓退捕食者，并攻击猫咪。不过对于前者的成功率要远高于后者。,|cFFFFD200成就：|r理智购物，理智购……宠物|n|cFFFFD200分类：|r宠物对战,160,23274,40990,132599,4,82,5,6,7,0
这个淘气的南瓜想要破土而出，把你吓得屁滚尿流。向南瓜歌致敬！,|cFFFFD200世界事件：|r万圣节,162,23909,42609,134015,6,2,6,6,7,0
鳄鱼的皮和肉是猎人眼中的珍宝，但这种猛兽凶残无比，且很少能被成功偷袭。,|cFFFFD200专业技能：|r钓鱼|n|cFFFFD200地区：|r沙塔斯城,163,24388,43697,656555,8,2,3,6,7,0
毒皮和其它鳄鱼一样，除了具有超常的幽默感。,|cFFFFD200专业技能：|r钓鱼|n|cFFFFD200地区：|r沙塔斯城,164,24389,43698,656553,8,2,3,6,7,0
阿曼尼巫医将许多牺牲者变成了青蛙。其中的某些人再也没能恢复过来。,|cFFFFD200掉落：|r森林蛙|n|cFFFFD200地区：|r祖阿曼（地下城）,165,24480,43918,237579,8,131074,0,6,7,0
粉色雷象是一种害羞的生物，它只会出现在曾经帮助过它的，或是已醉得不省人事的人身边。,|cFFFFD200世界事件：|r美酒节|n|cFFFFD200商人出售：|r贝尔比·奎克斯维奇|n|cFFFFD200地区：|r丹莫罗|n|cFFFFD200价格：|r100|TINTERFACE\ICONS\INV_Misc_Coin_01:0|t|n|n|cFFFFD200商人出售：|r布利克斯·菲克维特|n|cFFFFD200地区：|r杜隆塔尔|n|cFFFFD200价格：|r100|TINTERFACE\ICONS\INV_Misc_Coin_01:0|t,166,24753,44369,656600,4,2,6,6,7,0
野生的孢子蝠是一种险恶的生物，但如果在它们小时候加以驯化，它们就能成为忠心的小伙伴。,|cFFFFD200商人出售：|r麦卡|n|cFFFFD200地区：|r赞加沼泽|n|cFFFFD200声望：|r孢子村-崇拜|n|cFFFFD200价格：|r30|TINTERFACE\ICONS\INV_Mushroom_02:0|t,167,25062,45082,132197,2,2,2,6,7,0
当燃烧军团入侵外域时，兰德鲁·郎绍特捐献出了这个设计用于对抗强敌。联盟和部落都接连开始了生产。,|cFFFFD200集换式卡牌：|r燃烧军团的进攻,168,25109,45125,133883,9,2,8,6,7,0
比真龙要安静得多。,|cFFFFD200集换式卡牌：|r燃烧军团的进攻,169,25110,45127,133838,2,2050,8,33,7,0
这只金猪以赠与同伴好运的方式，为其祖先增光添彩。,|cFFFFD200特殊：|r战友招募/猪年春节庆祝|n,170,25146,45174,133784,4,82,7,6,7,0
德鲁伊认为，银猪与金猪有着特殊的联结，因为这两种生物在艾泽拉斯出现的时间不谋而合。,|cFFFFD200特殊：|r战友招募/春节,171,25147,45175,133786,4,82,7,6,7,0
年长的萨满曾警告说，拉格纳罗斯的爪牙，火焰领主的忠实奴仆，已经赶往熔火前线了。我们得提高警惕。,|cFFFFD200商人出售：|r赞沃卡|n|cFFFFD200地区：|r熔火前线|n|cFFFFD200价格: |r30|TINTERFACE\ICONS\INV_MISC_MARKOFTHEWORLDTREE.BLP:0|t,172,25706,45890,294481,6,131074,2,6,7,0
鳄鱼是在沿海水域活动的六脚两栖掠食者。考古学家认为，它们也许是从安戈洛环形山的双帆龙演变而来。,|cFFFFD200专业技能：|r钓鱼|n|cFFFFD200地区：|r沙塔斯城,173,26050,46425,656554,8,2,3,6,7,0
在对鳄鱼这个物种研究了数年之后，著名钓鱼专家纳特·帕格得出了结论，鳄鱼宝宝大多无害。,|cFFFFD200专业技能：|r钓鱼|n|cFFFFD200地区：|r沙塔斯城,174,26056,46426,656552,8,2,3,6,7,0
凤凰之神奥的子嗣之一，这头雏鸟一出生即能飞行。,|cFFFFD200掉落：|r凯尔萨斯·逐日者|n|cFFFFD200地区：|r魔导师平台,175,26119,46599,134373,6,2,0,6,7,0
这些奇妙的小家伙，是奖励给得胜归来的英雄的，代表着勇猛与力量。,|cFFFFD200特殊：|r战场活动|n|cFFFFD200商栈|r,179,27217,48406,133278,1,16402,11,6,7,0
只有那些通过伟绩证明自己勇猛过人的英雄们，才能拥有这种神秘的蛇形生物。,|cFFFFD200特殊：|r中国竞技场活动,180,27346,48408,133443,1,16402,7,6,7,0
神秘的灵魂商人会选择跟那些能从难驯宿主体内释放精魄的人同行。,|cFFFFD200集换式卡牌：|r追捕伊利丹,183,27914,49964,136039,5,131074,8,38,7,0
原产自泰罗卡森林，虚空鳐只在雨季产卵。虽然一次可孵化出数百个幼崽，但只有少数能活到成年。,|cFFFFD200商人出售：|r格蕾拉|n|cFFFFD200地区：|r泰罗卡森林|n|cFFFFD200声望：|r沙塔斯天空卫队-崇拜|n|cFFFFD200价格：|r40|TINTERFACE\MONEYFRAME\UI-GOLDICON.BLP:0|t,186,28470,51716,132191,2,2,2,6,7,0
吸血蝙蝠已经被幽暗城的被遗忘者和祖阿曼的阿曼尼巨魔训练成了斥候和坐骑。,|cFFFFD200掉落：|r特里斯·黯血王子|n|cFFFFD200地区：|r卡拉赞,187,28513,51851,132182,3,16402,0,6,7,0
巫妖王用死亡之力将霜牙从亡者之界召回时的偶然产物。,|cFFFFD200特殊：|r“巫妖王之怒”典藏版,188,28883,52615,237441,3,82,7,6,7,0
‘我就是正义！’,|cFFFFD200特殊：|r2008年暴雪全球邀请赛,189,29089,53082,135277,0,16466,7,6,7,0
当它感应到附近有生物濒临死亡时，它的颅骨会发出一种刺耳的咯咯声。,|cFFFFD200商人出售：|r达拉希尔|n|cFFFFD200地区：|r晶歌森林|n|cFFFFD200价格：|r40|TINTERFACE\MONEYFRAME\UI-GOLDICON.BLP:0|t,190,29147,53316,133730,3,2,2,37,7,0
这个机器人战士是冬幕节上最受欢迎的礼物。虽然没附带电池，但火箭弹肯定是有的！,|cFFFFD200世界事件：|r冬幕节,191,24968,54187,133000,9,131074,6,6,7,0
小叽的外表能让人联想到更为文明的时代，那时决斗者都身穿燕尾服战斗。,|cFFFFD200特殊：|r魔兽世界/暴雪游戏通行证绑定,192,29726,55068,327502,8,16466,7,34,7,0
你不会愿意在黑暗的巷路里与这只老鼠狭路相逢。或者说，在哪里都一样。,|cFFFFD200专业技能：|r钓鱼|n|cFFFFD200地区：|r达拉然,193,31575,59250,134324,4,2,3,6,7,0
和鳄鱼人吉恩大部分‘神秘的卵’不同，这个卵里真的有一只活物。,|cFFFFD200掉落：|r神秘的卵,194,32589,61348,132192,2,2,0,6,7,0
稀有的白色食虱鸟在神谕者中备受尊重。它们被视为暴雨来临，幼虫丰收以及狼獾人冬眠的预兆。,|cFFFFD200掉落：|r神秘的卵,195,32590,61349,132192,2,2,0,6,7,0
这些贪吃的幼兽生长速度十分惊人，而且每天都能吞下相当于其体重两倍的生肉。,|cFFFFD200掉落：|r神秘的卵,196,32592,61350,236233,1,2,0,34,7,0
艾泽拉斯的眼镜蛇以其快速发作的毒液和迅猛的攻击而著称。,|cFFFFD200掉落：|r神秘的卵,197,32591,61351,236177,7,2,0,6,7,0
它大大的眼睛和时髦的滑步特别引人注目。,|cFFFFD200商人出售：|r塞鲁克|n|cFFFFD200地区：|r龙骨荒野|n|cFFFFD200声望：|r卡鲁亚克-崇拜|n|cFFFFD200价格：|r12|TINTERFACE\MONEYFRAME\UI-GOLDICON.BLP:0|t|n|n|cFFFFD200商人出售：|r塔奈卡|n|cFFFFD200地区：|r嚎风峡湾|n|cFFFFD200声望：|r卡鲁亚克-崇拜|n|cFFFFD200价格：|r12|TINTERFACE\MONEYFRAME\UI-GOLDICON.BLP:0|t,198,32595,61357,655866,8,2,2,34,7,0
为了防止学徒们依靠魔仆来完成功课，大法师举行仪式，将能够召唤这种生物的法术书页藏在了达拉然的几处角落。,|cFFFFD200成就：|r进修|n|cFFFFD200分类：|r综合,199,32643,61472,132102,6,82,5,6,7,0
春兔象征着多产，而且它们很乐意展现这一点。,|cFFFFD200世界事件：|r复活节|n|cFFFFD200商人出售：|r复活节商人|n|cFFFFD200价格：|r100|TINTERFACE\ICONS\Achievement_Noblegarden_Chocolate_Egg:0|t,200,32791,61725,134010,4,131074,6,6,7,0
他很谦卑，富有洞察力，要是再来上一点小红莓果酱，那味道就更美了。,|cFFFFD200世界事件：|r感恩节,201,32818,61773,250626,2,131154,6,6,7,0
这头稀有的小熊不但天生体格娇小，而且外貌常葆青春。,|cFFFFD200成就：|r魔兽世界四周年|n|cFFFFD200分类：|r光辉事迹,202,32841,61855,294471,7,16466,5,6,7,0
她喜欢朋友们的陪伴。准确地说，是七十五个朋友的陪伴。,|cFFFFD200成就：|r王牌小猎人|n|cFFFFD200分类：|r宠物对战,203,32939,61991,656350,4,82,5,36,7,0
只要醒着，它就不停地跳舞。多么快乐的小树啊！,|cFFFFD200商人出售：|r鲁克·鹰爪|n|cFFFFD200地区：|r冰冠冰川|n|cFFFFD200价格：|r40|TINTERFACE\ICONS\Ability_Paladin_ArtofWar.blp:0|t,204,33188,62491,134183,6,2,2,6,7,0
丹莫罗的熊以它们的强壮、忠诚和英勇顽强而闻名于世。自从和矮人生活在一起后，它们凶狠的天性有所收敛。,|cFFFFD200商人出售：|r德里克·斑须|n|cFFFFD200地区：|r冰冠冰川|n|cFFFFD200价格： |r40|TINTERFACE\ICONS\Ability_Paladin_ArtofWar.blp:0|t,205,33194,62508,236243,7,2,2,6,7,0
通过回声定位的能力可感应到对手的心跳。,|cFFFFD200商人出售：|r伊莉莎·基连|n|cFFFFD200地区：|r冰冠冰川|n|cFFFFD200价格：|r40|TINTERFACE\ICONS\Ability_Paladin_ArtofWar.blp:0|t,206,33197,62510,132182,2,2,2,6,7,0
性格暴躁的杜隆塔尔蝎子是一种凶猛的沙漠掠食者。它偶尔还会攻击自己的主人。,|cFFFFD200商人出售：|r弗蕾卡·血斧|n|cFFFFD200地区：|r冰冠冰川|n|cFFFFD200价格：|r40|TINTERFACE\ICONS\Ability_Paladin_ArtofWar.blp:0|t,207,33198,62513,132195,7,2,2,6,7,0
不同于其他的异变种类，真正的小绵羊胆子非常小。,|cFFFFD200商人出售：|r下士亚瑟·弗卢|n|cFFFFD200地区：|r冰冠冰川|n|cFFFFD200价格：|r40|TINTERFACE\ICONS\Ability_Paladin_ArtofWar.blp:0|t,209,33200,62516,136071,4,2,2,6,7,0
陆行鸟在空旷地带的移动速度无可匹敌，所以捕食者只能依靠偷袭和包围战术来捕食它们。,|cFFFFD200商人出售：|r杜尔鲁·雷角|n|cFFFFD200地区：|r冰冠冰川|n|cFFFFD200价格：|r40|TINTERFACE\ICONS\Ability_Paladin_ArtofWar.blp:0|t,210,33219,62542,132198,4,2,2,35,7,0
沙滩蟹因在海岛沙滩下过冬，而适应了北方的寒冷气候。,|cFFFFD200专业技能：|r钓鱼|n|cFFFFD200地区：|r诺森德、暴风城、奥格瑞玛,211,33226,62561,2027886,8,2,3,6,7,0
受埃索达长期严重污染的影响，还需要仔细观察一段时间。,|cFFFFD200商人出售：|r艾蕾希|n|cFFFFD200地区：|r冰冠冰川|n|cFFFFD200价格：|r40|TINTERFACE\ICONS\Ability_Paladin_ArtofWar.blp:0|t |n,212,33205,62562,133941,6,2,2,6,7,0
由一名血精灵学徒制作而成，如果有人能琢磨出如何让它停下来，这把魔法扫帚就能派上很大的用场。,|cFFFFD200商人出售：|r特雷利斯·晨日|n|cFFFFD200地区：|r冰冠冰川|n|cFFFFD200价格：|r40|TINTERFACE\ICONS\Ability_Paladin_ArtofWar.blp:0|t,213,33227,62564,655994,5,2,2,38,7,0
许多暴风城中的年轻人都以侍从身份加入了银色北伐军，希望有朝一日能在战斗中为圣光效命。,|cFFFFD200任务：|r冠军诞生|n|cFFFFD200地区：|r冰冠冰川,214,33238,62609,236689,0,131731,1,41,7,0
作为年轻侏儒的训练坐骑使用，机械鸟速度不怎么样，但它所有的魅力都来自于它的老大哥。,|cFFFFD200商人出售：|r莉蕾·转轴|n|cFFFFD200地区：|r冰冠冰川,215,33274,62674,132247,9,2,2,6,7,0
这些年轻的兽人力图彰显银色北伐军的种种美德——英勇、强力、正直。,|cFFFFD200任务：|r冠军诞生|n|cFFFFD200地区：|r冰冠冰川,216,33239,62746,236689,0,131475,1,41,7,0
莫叽姆斯是所有鱼人竞技场战士中最厉害的一个。在某段时期，也是唯一的一个。,|cFFFFD200特殊：|r竞技场锦标赛,217,33578,63318,135128,0,16466,7,6,7,0
这宠物其实有三个。除非召唤出来，否则你不会知道出来的是什么！,|cFFFFD200商人出售：|r萨玛巴|n|cFFFFD200地区：|r冰冠冰川|n|cFFFFD200价格：|r40|TINTERFACE\ICONS\Ability_Paladin_ArtofWar.blp:0|t|n,218,33810,63712,133798,3,2050,2,39,7,0
一个庄严的警示，记载着灭世者在改变艾泽拉斯的过程中所造成的灾难与毁灭。,|cFFFFD200任务：|r铭记奥伯丁|n|cFFFFD200地区：|r黑海岸,220,34278,65046,132129,6,18,1,6,7,0
许多宠物在战斗前曾嘲笑这只猫。通常它们的最后一句话就是：‘过来啊，小猫咪。’,|cFFFFD200商人出售：|r布琳妮|n|cFFFFD200地区：|r晶歌森林|n|cFFFFD200价格：|r50|TINTERFACE\MONEYFRAME\UI-GOLDICON.BLP:0|t,224,34364,65358,656576,7,2,2,6,7,0
鳄鱼人是鱼人的远房表亲。,|cFFFFD200世界事件：|r儿童周,225,33530,65381,252780,0,18,6,6,7,0
尽管它们身材矮小，但狼獾人还是诺森德大陆上最具攻击性的物种。这通常使它们让人望而生畏。,|cFFFFD200世界事件：|r儿童周,226,33529,65382,236698,0,18,6,6,7,0
以红蓝电解质为动力源泉的战斗机器人。,|cFFFFD200特殊：|r激浪促销活动,227,34587,65682,134239,9,147538,7,6,7,0
只有极少数鱼人能成功跨越时空障碍。还能带着玛润的先进盔甲和武器返回的则更是罕见。,|cFFFFD200特殊：|r2009年暴雪嘉年华,228,34694,66030,656340,0,82,7,6,7,0
这条极其稀有的法力浮龙以它独特的色泽和超凡的气质饱受赞誉。,|cFFFFD200商人出售：|r海伦·慧歌|n|cFFFFD200地区：|r冰冠冰川|n|cFFFFD200声望：|r银色盟约-崇拜|n|cFFFFD200价格：|r40|TINTERFACE\ICONS\Ability_Paladin_ArtofWar.blp:0|t|n,229,34724,66096,132849,5,2,2,6,7,0
作为幸运的象征，碧玉雕成的老虎是十分珍贵的，但驯养碧玉虎本身则更为难得。,|cFFFFD200特殊：|r战友招募/光辉事迹,231,34930,66520,134134,5,82,7,6,7,0
它们很少在成年之前离开巢穴，最喜欢对附近的刺喉龙巢穴恶作剧。,|cFFFFD200掉落：|r达尔特的卵|n|cFFFFD200地区：|r尘泥沼泽,232,35396,67413,132193,7,2,0,6,7,0
人们对这种紫皮变种的旺盛需求，已经极大地削减了哀嚎洞穴附近的迅猛龙数量。,|cFFFFD200掉落：|r变异守护者、变异破坏者|n|cFFFFD200地区：|r哀嚎洞穴,233,35395,67414,132193,7,2,0,6,7,0
这头狡诈的迅猛龙出生于诺森德的冰原。严酷的生长环境造就了它无以伦比的生存能力。,|cFFFFD200掉落：|r古达克迅猛龙|n|cFFFFD200地区：|r祖达克,234,35400,67415,132253,7,2,0,6,7,0
这个“跳跃者”塔克的后裔敏捷得令人难以置信，并可以轻松适应各种艰苦环境。,|cFFFFD200掉落：|r塔克的卵|n|cFFFFD200地区：|r贫瘠之地,235,35387,67416,132253,7,2,0,6,7,0
这只幼崽因拥有独特的颜色而令人艳羡不已。尽管布琳妮悉心调教，但迅猛龙凶狠的天性难改。,|cFFFFD200商人出售：|r布琳妮|n|cFFFFD200地区：|r晶歌森林|n|cFFFFD200价格：|r50|TINTERFACE\MONEYFRAME\UI-GOLDICON.BLP:0|t,236,35399,67417,132253,7,2,2,6,7,0
这些雏龙的体型比其他迅猛龙幼崽更大，能够长成极具破坏性的巨型爬行动物。,|cFFFFD200掉落：|r暴掠龙女王的卵|n|cFFFFD200地区：|r安戈洛环形山,237,35397,67418,132253,7,2,0,6,7,0
刺喉龙的卵由刺喉雌龙严密看守。它们娇小的体格掩饰了其凶猛的天性。,|cFFFFD200掉落：|r刺喉雌龙的卵|n|cFFFFD200地区：|r湿地,238,35398,67419,132193,7,2,0,6,7,0
拉扎什迅猛龙是丛林中最聪明的掠食者之一，并因此受到了古拉巴什巨魔的喜爱。,|cFFFFD200掉落：|r世界掉落|n|cFFFFD200地区：|r北荆棘谷、荆棘谷海角,239,35394,67420,132193,7,2,0,6,7,0
墨玉猎豹在夜间隐形，犹如潜行的暗影，随着黎明的到来而消失得无影无踪。,|cFFFFD200特殊：|r韩国活动,240,35468,67527,134399,5,16466,7,6,7,0
看到这些风筝高飞在诺森德岸边的天空中，就知道附近有海象人。,|cFFFFD200集换式卡牌：|r天灾战争,241,36482,68767,318523,2,2,8,33,7,0
与人亲近又好奇心十足，这些小虎崽似乎找到了最特别的藏身之所。,|cFFFFD200集换式卡牌：|r天灾战争,242,36511,68810,298591,5,2,8,6,7,0
奥妮克希亚的雏龙，这条年轻的小龙已经决心不再重蹈父辈们的毁灭覆辙。,|cFFFFD200成就：|r魔兽世界五周年|n|cFFFFD200分类：|r光辉事迹,243,36607,69002,134154,1,16466,5,6,7,0
熔火恶犬生活在火焰之地和熔火之心，血统可追溯到首领玛格曼达。,|cFFFFD200特殊：|r绑定电子安全令|n,244,36871,69452,236191,6,82,7,6,7,0
作为蛮锤矮人赠与联盟英雄的礼物，这些幼崽是弗斯塔德和随从进入格瑞姆巴托时骑乘的狮鹫所生。,|cFFFFD200游戏商城|r,245,36908,69535,327735,2,82,9,6,7,0
索基佐格从没把那句古老的兽人格言当回事——‘不要拉扯双足飞龙的尾巴’。,|cFFFFD200游戏商城|r,246,36909,69536,328270,7,82,9,6,7,0
罕见的虎族成员，很多人认为（也许是谬误），其独特的颜色也许是由残存魔法或其它经历造成的。,|cFFFFD200特殊：|r战友招募/中国充值促销活动,247,36910,69539,237194,5,82,7,6,7,0
熊猫人僧侣是大无畏的旅行同伴，不断磨练着自己的战技……除非你请他喝酒。他认为拒绝是粗鲁的行为。,|cFFFFD200游戏商城|r,248,36911,69541,328269,0,82,9,6,7,0
生时，克尔苏加德背叛了肯瑞托，成立了诅咒教派。死后，他以纳克萨玛斯巫妖领主的身份效命于天灾军团。,|cFFFFD200游戏商城|r,249,36979,69677,254094,3,131154,9,36,7,0
虽然个头很小，但小狗们被激怒时也是很危险的。,|cFFFFD200成就：|r1Q24，来的密|n|cFFFFD200分类：|r地下城和团队,250,37865,70613,133718,4,82,5,6,7,0
这个看似‘可爱’的小家伙想和小动物玩耍。千万别让它们靠太近。,|cFFFFD200世界事件：|r情人节,251,38374,71840,134437,5,131074,6,6,7,0
不同于它们极具毁灭性的主人——冰霜之王埃霍恩，霜娃娃喜欢和毫无防备冒险者嬉闹，向他们丢雪球。,|cFFFFD200世界事件：|r仲夏火焰节,253,40198,74932,135851,6,2,6,6,7,0
耶比托当季最畅销的热门玩具，这个打架机器人的全新蓝色底盘让整个艾泽拉斯的孩子们为之疯狂。,|cFFFFD200商人出售：|r世界商人|n|cFFFFD200价格：|r50|TINTERFACE\MONEYFRAME\UI-GOLDICON.BLP:0|t,254,40295,75134,133000,9,131074,2,6,7,0
作为世界上首屈一指的珍奇宠物收藏家，达拉然的布琳妮只会将神秘的星界灵龙奖励给那些和她一样热爱宠物的收藏家。,|cFFFFD200成就：|r小小宠物店|n|cFFFFD200分类：|r宠物对战,255,40624,75613,368365,1,82,5,6,7,0
根据奥杜尔的巨大泰坦原型仿制而成，这个狂躁的小东西可决不会对它的玩具们手软。,|cFFFFD200游戏商城|r,256,40703,75906,254104,9,131154,9,36,7,0
莫叽姆斯是所有鱼人竞技场战士中最厉害的一个。也是唯一的一个。,,257,40721,75936,135128,0,34,-1,6,7,0
人类军队中的强大火炮。雷神总是冲锋在先，撤退殿后！,|cFFFFD200特殊：|r《星际争霸2：自由之翼》典藏版,258,42078,78381,387415,9,82,7,6,7,0
与它的金色伙伴不同，蓝色小矛骑兵在戳对手眼球时，身手更加悠闲从容。,|cFFFFD200任务：|r砸蛋|n|cFFFFD200地区：|r海加尔山|n|n,259,42177,78683,132188,2,18,1,6,7,0
这小家伙由于能以迅雷不及掩耳之势猛戳眼球而臭名昭著。,|cFFFFD200任务：|r砸蛋|n|cFFFFD200地区：|r海加尔山|n|n,260,42183,78685,132200,2,18,1,6,7,0
地精工程学的上佳杰作。蓝图取材于地狱火半岛的巨型魔能机甲。,|cFFFFD200专业技能：|r工程学,261,43800,81937,133861,9,2,3,6,7,0
严格遵守侏儒设计的优质标准，这个机械小动物对于四处奔走的寂寞工程师来说，简直堪称完美旅伴。,|cFFFFD200专业技能：|r工程学,262,43916,82173,466036,9,2,3,6,7,0
这看起来不过是某种小型灵长类动物的爪子。仔细观察后发现，这只爪子已经在奥丹姆的沙漠中被暴晒了好几个世纪。,|cFFFFD200专业技能：|r考古学,264,45128,84263,134555,3,131074,3,6,7,0
作为一只爱冒险的土元素，佩波逃过了碎岩之渊中饥饿的旋岩虫之口，闯过了空寂的扭曲虚空，最终被人从一个邮箱里救了出来。,|cFFFFD200成就：|r石头爱好者|n|cFFFFD200分类：|r任务,265,45247,84492,136024,6,131154,5,6,7,0
你凝视她，她也凝视着你。真是太聪明了，有时她像是在琢磨如何开门。,|cFFFFD200专业技能：|r考古学,266,45340,84752,458255,3,2,3,6,7,0
能降低当你进入漆黑处所时，被怪物吃掉的可能性。,|cFFFFD200专业技能：|r大地的裂变附魔（75）|n|cFFFFD200公式：|r魔化灯笼,267,46898,93836,134249,5,2,3,6,7,0
万民在灭世者的阴影下战栗，他是曾经的大地守护者，也是导致艾泽拉斯分崩离析的祸首。现推出便携旅行装！,|cFFFFD200特殊：|r“大地的裂变”典藏版,268,46896,87344,441880,1,82,7,6,7,0
凤凰宝宝是从凤凰的灰烬中诞生的，而暗色凤凰宝宝则是从它们的阴影里生成的。,|cFFFFD200商人出售：|r公会商人|n|cFFFFD200地区：|r暴风城、奥格瑞玛|n|cFFFFD200价格：|r300|TINTERFACE\MONEYFRAME\UI-GOLDICON.BLP:0|t|n,270,47944,89039,464139,6,82,2,6,7,0
历经无数次围绕托尔巴拉德的海战，这只鸟俨然已经成一个老兵了——它之所以体态臃肿，是因为每次战后都大快朵颐尸体残骸，就是这么回事。,|cFFFFD200商人出售：|r军需官布雷泽|n|cFFFFD200地区：|r托尔巴拉德半岛|n|cFFFFD200声望：|r巴拉丁典狱官-尊敬|n|cFFFFD200价格：|r50|TINTERFACE\ICONS\Achievement_Zone_TolBarad.blp:0|t,271,48107,89472,464160,2,2,2,6,7,0
当它感受到威胁时会蜷缩成一个球，它妈叫它时它也会这么做。,|cFFFFD200商人出售：|r公会商人|n|cFFFFD200地区：|r暴风城、奥格瑞玛|n|cFFFFD200价格：|r300|TINTERFACE\MONEYFRAME\UI-GOLDICON.BLP:0|t|n,272,48242,89670,464159,4,82,2,6,7,0
发条侏儒被认为是泰坦的原创作品，有些零件小得连肉眼都看不见。,|cFFFFD200专业技能：|r考古学,277,48609,90523,134152,9,2,3,39,7,0
托尔巴拉德的战斗使这种小兽变得极为罕见。结果，大量想要拥有这种宠物的爱好者令当地的狐狸数量急剧减少。,|cFFFFD200掉落：|r巴拉丁狐狸|n|cFFFFD200地区：|r托尔巴拉德半岛,278,48641,90637,462532,7,2,0,33,7,0
元素页岩蛛并不是真正的蜘蛛，但它们的耐受性和凶猛天性使其成为深岩之洲中的一霸。,|cFFFFD200掉落：|r玉牙页岩蛛|n|cFFFFD200地区：|r深岩之洲,279,48982,91343,134397,6,2,0,6,7,0
公会侍从必须是大胆无畏的，因为他们要在战场上宣告他们的公会在和部落的战斗中取得了胜利。,|cFFFFD200商人出售：|r公会商人|n|cFFFFD200地区：|r暴风城、奥格瑞玛|n|cFFFFD200价格：|r300|TINTERFACE\MONEYFRAME\UI-GOLDICON.BLP:0|t|n|cFFFFD200冷却时间：|r8小时,280,49586,92395,413584,0,148119,2,42,7,0
当一个公会通过击败联盟勇士取得足够的荣耀后，一些兽人也会通过作为公会侍从来分享这份荣耀。,|cFFFFD200商人出售：|r公会商人|n|cFFFFD200地区：|r暴风城、奥格瑞玛|n|cFFFFD200价格：|r300|TINTERFACE\MONEYFRAME\UI-GOLDICON.BLP:0|t|n|cFFFFD200冷却时间：|r8小时,281,49588,92396,413584,0,147863,2,42,7,0
当公会积累到足够多的财富时，英勇的士兵们也常被要求背负公会的旗帜。,|cFFFFD200商人出售：|r公会商人|n|cFFFFD200地区：|r暴风城、奥格瑞玛|n|cFFFFD200价格：|r500|TINTERFACE\MONEYFRAME\UI-GOLDICON.BLP:0|t|n|cFFFFD200冷却时间：|r4小时,282,49587,92397,413585,0,147607,2,42,7,0
富有的公会对士兵有很强的吸引力，他们心甘情愿背负公会的旗帜进行战斗。,|cFFFFD200商人出售：|r公会商人|n|cFFFFD200地区：|r暴风城、奥格瑞玛|n|cFFFFD200价格：|r500|TINTERFACE\MONEYFRAME\UI-GOLDICON.BLP:0|t|n|cFFFFD200冷却时间：|r4小时,283,49590,92398,413585,0,147607,2,42,7,0
时刻‘准备玩耍’，兰德鲁的小拆与原版几乎毫无差别。易怒且嗜睡。,|cFFFFD200集换式卡牌：|r灭世者|n,285,50468,93624,254104,9,131074,8,36,7,0
瘟疫之地的蛆虫是巫术腐蚀和大量堆积的尸体所衍生的产物，胖虫先生更是一个特别复杂的品种。,|cFFFFD200世界掉落：|r东瘟疫之地（需要完成菲奥拉的好运符任务）,286,50586,93739,648918,7,2,0,6,7,0
这些诡异的虫子日间围绕开阔的熔岩坑飞舞，夜间则会发出烈焰般的光华。,|cFFFFD200任务：|r七个！对！、不是萤火虫，是火焰蜂|n|cFFFFD200地区：|r燃烧平原|n,287,51632,93813,237146,2,18,1,6,7,0
它总是缩在自己的壳里，蜗牛不都是这样的嘛！,|cFFFFD200世界事件：|r儿童周,289,51635,93817,134434,4,2,6,6,7,0
这朵甜美的小花会用它那温暖的微笑和欢乐的歌声点亮你的生活！在对抗亡灵时还是个强大的帮手。,|cFFFFD200任务：|r亡者的草坪|n|cFFFFD200地区：|r希尔斯布莱德丘陵|n,291,51090,93823,133939,6,18,1,6,7,0
幽冥火，火幽冥，急急如律令，浮光照人行——噢，轻弱纤羽！,|cFFFFD200专业技能：|r附魔,292,50545,93837,134971,5,2,3,6,7,0
晶簇常被矿工们误认为稀有的宝石。最初，人们是靠它们散发出的优美振鸣声才认识到这一物种的存在的。,|cFFFFD200掉落：|r源质矿、富源质矿|n|cFFFFD200地区：|r深岩之洲、暮光高地、奥丹姆,293,50722,93838,399040,6,2,0,39,7,0
死亡之翼的出现把整个艾泽拉斯搅得天翻地覆，就连深居海洋的鱼人也无法免疫他的腐化影响。,|cFFFFD200特殊：|r2010年暴雪嘉年华,294,51122,94070,441880,0,82,7,6,7,0
月夜枭兽受到了艾露恩的祝福，无论走到哪里都不忘散播自然的恩赐。这种欢乐的禽鸟总是乐于翩翩起舞。,|cFFFFD200游戏商城：|r联盟,296,51601,95786,467893,0,594,9,6,7,0
召唤恐怖火焰之王的小小化身，永远都不算为时过早。,|cFFFFD200游戏商城|r,297,51600,95787,254652,6,131154,9,35,7,0
月夜枭兽与众不同的咆哮声是大自然中最可怖的声音之一。,|cFFFFD200游戏商城：|r部落,298,51649,95909,467894,0,338,9,6,7,0
它抬头用那双乌溜溜的大眼睛望着你，仿佛在问：‘你是我妈妈么？’,|cFFFFD200任务：|r善心之举|n|cFFFFD200地区：|r北荆棘谷|n|n,301,52226,96571,132225,7,18,1,6,7,0
兰德鲁·郎绍特最初是怎么拥有这个小巫妖的，至今仍是个谜，可他却迫不及待地把它当成了卡牌游戏的赌注。,|cFFFFD200集换式卡牌：|r灭世者,302,52343,96817,254094,3,131074,8,36,7,0
艾露恩为夜刃豹赋予了银黑相间的条纹，以使它们能在月光照耀的夜晚与黑暗融为一体。,|cFFFFD200集换式卡牌：|r巨龙暮光,303,52344,96819,132242,7,2,8,6,7,0
当冬泉豹幼崽在初落的雪地里嬉戏时，是最最开心的。,|cFFFFD200商人出售：|r米歇尔·德朗姆|n|cFFFFD200地区：|r冬泉谷|n|cFFFFD200价格：|r50|TINTERFACE\MONEYFRAME\UI-GOLDICON.BLP:0|t,306,52831,97638,132252,7,2,2,6,7,0
生于荆棘谷的茂密丛林间，不走运的小迅猛龙通常会被古拉巴什巨魔掳走，带到巨魔之城祖尔格拉布。,|cFFFFD200任务：|r老朋友|n|cFFFFD200地区：|r祖尔格拉布,307,52894,97779,132193,7,18,1,6,7,0
野生的泥沼游荡者极具攻击性，非常危险。可一旦被驯服，它们就会表现出极大的忠诚和依赖。,|cFFFFD200世界事件：|r儿童周,308,53048,98079,254502,5,2,6,36,7,0
翼手龙的龙蛋被置于祖先的化石下孵化，使龙宝宝得以吸收祖先的凶猛和才智。,|cFFFFD200专业技能：|r考古学,309,53225,98571,516665,2,2,3,6,7,0
巫毒雕像通常会从魔精、巨魔的汗水和部族敌人的血肉中汲取能量。,|cFFFFD200专业技能：|r考古学,310,53232,98587,516666,3,2,3,36,7,0
尽管仍然略显笨拙，这只长翅膀的小狮子正在学习如何成为最棒的坐骑！,|cFFFFD200游戏商城|r,311,53283,98736,519402,2,2,9,6,7,0
还没发育成凶残的成年角鹰兽，塞纳里奥角鹰兽宝宝有着看似无害的外表，往往会让塞纳里奥议会的新成员疏于防范。,|cFFFFD200游戏商城|r,316,53623,99578,132833,2,4178,9,6,7,0
这些海加尔的幼崽在经历大地的裂变时饱受痛苦折磨。但从好的方面来看，正是这些苦难让他们学会了不畏艰险、勇敢拼搏的精神。,|cFFFFD200商人出售：|r瓦尔兰·高枝|n|cFFFFD200地区：|r熔火前线|n|cFFFFD200价格：|r1500|TINTERFACE\MONEYFRAME\UI-GOLDICON.BLP:0|t,317,53658,99663,446127,7,2,2,6,7,0
鞭笞者原产于火焰之地的灰烬土壤中，后经由海加尔守护者的帮助，被移植到了艾泽拉斯。,|cFFFFD200商人出售：|r艾拉·影暴|n|cFFFFD200地区：|r熔火前线|n|cFFFFD200价格：|r1500|TINTERFACE\MONEYFRAME\UI-GOLDICON.BLP:0|t,318,53661,99668,133941,6,2,2,6,7,0
与月亮（和这个蓬头垢面、胡子拉碴的女巫）同行，徜徉在死亡的夜晚！,|cFFFFD200世界事件：|r万圣节|n|cFFFFD200商人出售：|r沃姆|n|cFFFFD200地区：|r提瑞斯法林地|n|cFFFFD200价格：|r150|TINTERFACE\ICONS\achievement_halloween_candy_01:0|t|n|n|cFFFFD200商人出售：|r皮皮|n|cFFFFD200地区：|r暴风城|n|cFFFFD200价格：|r150|TINTERFACE\ICONS\achievement_halloween_candy_01:0|t,319,53884,100330,236547,7,2,6,6,7,0
蓝龙军团中的传奇一员。,|cFFFFD200商人出售：|r公会商人|n|cFFFFD200地区：|r暴风城、奥格瑞玛|n|cFFFFD200价格：|r1500|TINTERFACE\MONEYFRAME\UI-GOLDICON.BLP:0|t|n,320,54027,100576,524050,1,82,2,6,7,0
箱子先前的主人曾报告说他们收集的其他宠物都消失了。,|cFFFFD200世界事件：|r万圣节,321,54128,100684,132762,3,131090,6,33,7,0
大部分松鼠都会储藏橡实作为食物。而疯狂松鼠则是储藏橡实作为弹药。,|cFFFFD200成就：|r小宠物乐园|n|cFFFFD200分类：|r宠物对战,323,54227,100970,133944,4,82,5,6,7,0
作为最珍稀的物种之一，这只卡利鸟以其灿烂的羽毛与捕捉的难度在同类中脱颖而出。,|cFFFFD200成就：|r宠物博览会|n|cFFFFD200分类：|r宠物对战,325,54374,101424,132926,2,82,5,6,7,0
你也许认为这条离开水的鱼是个无能的对手……等你见识到它那潜藏在防御水泡中的力量，也许就不这么想了。,|cFFFFD200集换式卡牌：|r潮汐王座,328,54383,101493,133920,8,2,8,6,7,0
当你与奔波尔菠萝或其它强力鱼人交战时，强烈推荐随身携带灵魂石。,|cFFFFD200特殊：|r2011年暴雪嘉年华,329,54438,101606,528288,0,82,7,6,7,0
艾泽拉斯的猴子是声名狼藉的无赖，这些暗月马戏团最最青睐的小伙伴将它们与生俱来的狡诈提升到了一个全新的境界。,|cFFFFD200商人出售：|r兰拉|n|cFFFFD200地区：|r暗月岛|n|cFFFFD200价格：|r90|TINTERFACE\ICONS\inv_misc_ticket_darkmoon_01:0|t |n,330,54491,101733,132159,7,2,2,6,7,0
制造这些魔法气球是为了在暗月马戏团开张时哄小孩开心，这些气球永远不会失去浮性。,|cFFFFD200任务：|r吹跑了|n|cFFFFD200地区：|r暴风城,331,54539,101986,647628,2,131730,1,6,7,0
真是个魔法奇迹——这些气球永远不会漏气，并且依照惯例，每批都制造九十九个。,|cFFFFD200任务：|r吹跑了|n|cFFFFD200地区：|r奥格瑞玛|n,332,54541,101989,647626,2,131474,1,6,7,0
劣魔体现着大自然狂野的一面。温驯的十分罕见。,|cFFFFD200集换式卡牌：|r苍穹之冠,333,54730,102317,136218,0,2,8,6,7,0
这个带壳的爬行动物以毫不动摇的乐天性情，捍卫着它背上的家。,|cFFFFD200商人出售：|r兰拉|n|cFFFFD200地区：|r暗月岛|n|cFFFFD200价格：|r90|TINTERFACE\ICONS\inv_misc_ticket_darkmoon_01:0|t,335,54487,103074,1738682,8,2,2,6,7,0
它只是在飘来飘去……,|cFFFFD200商人出售：|r兰拉|n|cFFFFD200地区：|r暗月岛|n|cFFFFD200价格：|r90|TINTERFACE\ICONS\inv_misc_ticket_darkmoon_01:0|t |n,336,55187,103076,647625,2,144,2,6,7,0
从冬天爷爷那里溜出来的小家伙，这个小元素发现自己困在了被讨厌的格林奇偷走的礼物中。,|cFFFFD200世界事件：|r冬幕节,337,55215,103125,134579,6,2,6,6,7,0
艾泽拉斯的小朋友最喜欢的宠物之一，这个坚韧的小家伙甚至能对抗最最残暴的敌人。,|cFFFFD200商人出售：|r兰拉|n|cFFFFD200地区：|r暗月岛|n|cFFFFD200价格：|r90|TINTERFACE\ICONS\inv_misc_ticket_darkmoon_01:0|t,338,55356,103544,133015,9,131074,2,6,7,0
跟前辈相比，它没有地雷，没有火箭弹，但这种深受孩子们喜欢的小东西在艾泽拉斯广为流传。,|cFFFFD200商人出售：|r兰拉|n|cFFFFD200地区：|r暗月岛|n|cFFFFD200价格：|r90|TINTERFACE\ICONS\inv_misc_ticket_darkmoon_01:0|t,339,55367,103549,134509,9,131074,2,35,7,0
尽管体型微小，人们的视线却一定能捕捉到这只翻涛破浪的小海马。,|cFFFFD200专业技能：|r钓鱼|n|cFFFFD200地区：|r暗月岛,340,55386,103588,433440,8,2,3,6,7,0
这些魔法灯笼通常可以在春节上获得，它们是用来纪念艾泽拉斯的各族人民击败燃烧军团的英勇事迹。,|cFFFFD200世界事件：|r春节|n|cFFFFD200商人出售：|r瓦拉达尔·星歌|n|cFFFFD200地区：|r月光林地|n|cFFFFD200价格：|r50|TINTERFACE\ICONS\INV_Misc_ElvenCoins:0|t,341,55571,104047,134971,5,2,6,6,7,0
灯笼里透出的光都代表着对先祖之魂的敬意。每逢春节期间，这些幽灵般的长老们便会将他们的智慧传承给下一代。,|cFFFFD200世界事件：|r春节|n|cFFFFD200商人出售：|r瓦拉达尔·星歌|n|cFFFFD200地区：|r月光林地|n|cFFFFD200价格：|r50|TINTERFACE\ICONS\INV_Misc_ElvenCoins:0|t,342,55574,104049,134971,5,2,6,6,7,0
这只可爱的猫咪喜欢嬉闹，但有时候它追逐的东西并不真实存在。,|cFFFFD200商人出售：|r兰拉|n|cFFFFD200地区：|r暗月岛|n|cFFFFD200价格：|r90|TINTERFACE\ICONS\inv_misc_ticket_darkmoon_01:0|t |n,343,56031,105122,132242,7,2,2,6,7,0
,|cFFFFD200商人出售：|r卡尔·古达普|n|cFFFFD200地区：|r暗月岛|n|cFFFFD200价格：|r10|TINTERFACE\MONEYFRAME\UI-SILVERICON.BLP:0|t,344,56082,105228,133642,2,160,2,6,7,0
,|cFFFFD200商人出售：|r卡尔·古达普|n|cFFFFD200地区：|r暗月岛|n|cFFFFD200价格：|r10|TINTERFACE\MONEYFRAME\UI-SILVERICON.BLP:0|t,345,56083,105229,133639,2,160,2,6,7,0
魔卒萨满因亡故祖先魂灵的庇佑而变得强大。这些邪恶的灵魂就在萨满的部族长矛里。控制了长矛，就等于控制了萨满。,|cFFFFD200特殊：|r《暗黑破坏神3》典藏版,346,56266,105633,135128,3,82,7,36,7,0
守护巨龙之魂据说有着多变的情绪，时而隐忍沉着，时而怪异莫测，时而多情忧郁。,|cFFFFD200游戏商城|r,347,58163,110029,574806,1,82,9,6,7,0
时刻监视。时刻裁断。,|cFFFFD200集换式卡牌：|r时空行者：上古之战|n,348,59020,112994,136155,3,2,8,6,7,0
,,354,59216,0,577318,5,32,-1,6,7,0
作为黑绵羊的后代，黑羔羊只生活在艾尔文森林里。,|cFFFFD200宠物对战：|r艾尔文森林,374,60649,0,136071,4,26,4,6,7,0
,,375,62626,0,252780,3,56,-1,6,7,0
当你拥有两只兔子时，你恐怕很快就会得到第三只了。,|cFFFFD200宠物对战：|r艾萨拉、刀锋山、晶歌森林、黑海岸、丹莫罗、暮色森林、艾尔文森林、永歌森林（燃烧的远征）、菲拉斯、至高岭、希尔斯布莱德丘陵、嚎风峡湾、月光林地、海加尔山、莫高雷、纳格兰、赤脊山、银月城（燃烧的远征）、银松森林、石爪山脉、暴风城、提瑞斯法林地、西瘟疫之地、西部荒野、湿地,378,61080,0,254857,4,26,4,6,7,0
大部分人都分不清松鼠和花栗鼠。他们也不在乎。,|cFFFFD200宠物对战：|r埃门谷、灰谷、艾萨拉、刀锋山、晶歌森林、黑海岸、丹莫罗、暮色森林、尘泥沼泽、艾尔文森林、菲拉斯、吉尔尼斯、至高岭、希尔斯布莱德丘陵、嚎风峡湾、洛克莫丹、魔导师平台（燃烧的远征）、月光林地、海加尔山、纳格兰、吉尔尼斯废墟、索拉查盆地、银松森林、阿兰卡峰林、暴风城、泰达希尔、泰罗卡森林、托尔巴拉德半岛、暮光高地、瓦尔莎拉、永恒之井、西瘟疫之地、西部荒野、湿地、祖阿曼（地下城）,379,61081,0,134322,4,26,4,6,7,0
很难说清楚这家伙究竟是牙齿还是尾巴更危险。,|cFFFFD200宠物对战：|r翡翠林,380,62992,0,645526,7,26,4,6,7,0
别被这名字骗了，你绝对、永远也不该去抚摸它。,|cFFFFD200掉落：|r宠物补给袋|n,381,61086,118414,644001,4,2,0,6,7,0
这种特殊的精灵龙在艾泽拉斯非常少见。,|cFFFFD200掉落：|r色彩怪异的蛋|n,382,61087,231215,1675028,1,2,0,6,7,0
看起来像是视觉特效，但水黾确实能够在水上行走，它纤细的腿脚几乎不会踩破水面。,|cFFFFD200宠物对战：|r锦绣谷,383,61088,0,643423,8,26,4,6,7,0
厚实的皮毛可以让水獭在任何环境下生存，但它特别喜欢寒冷的水域，因为那里有大量美味的鲍鱼。,,384,61089,118419,645906,8,32,-1,6,7,0
看来，即使是面临囚禁、受伤甚至死亡威胁时，老鼠依然抵抗不了奶酪的诱惑。,|cFFFFD200宠物对战：|r暮色森林、尘泥沼泽、灰熊丘陵、莫高雷、虚空风暴、西部荒野、湿地,385,61143,0,647701,4,26,4,6,7,0
与那些住在树上的近亲不同，这些旱地松鼠喜欢在艾泽拉斯及其他大陆的平原上做窝。,|cFFFFD200宠物对战：|r阿拉希高地、莫高雷、纳格兰、北贫瘠之地、南贫瘠之地、雷霆崖、西部荒野,386,61141,0,656176,4,24,4,6,7,0
由于近期发生的事故，地精财团已禁止任何人将蛇带上飞艇了。,|cFFFFD200宠物对战：|r尘泥沼泽、永歌森林（燃烧的远征）、菲拉斯、幽魂之地、嚎风峡湾、洛克莫丹、纳格兰、北荆棘谷、索拉查盆地、银松森林、泰罗卡森林、西部荒野、赞加沼泽、祖达克,387,61142,0,132211,7,26,4,6,7,0
这种节肢动物遍布艾泽拉斯的海滩，并努力满足着它们唯一的愿望：夹人。,|cFFFFD200宠物对战：|r艾萨拉、北风苔原、嚎风峡湾、卡桑琅丛林、纳格兰（德拉诺）、暮光高地、西部荒野、觉醒海岸、碧蓝林海,388,61158,0,2027878,8,26,4,6,7,0
这些小收割者会收集那些大收割者漏掉的杂草和细小谷物。,|cFFFFD200宠物对战：|r西部荒野,389,61160,0,134065,9,26,4,6,7,0
当对着这些棕色的大眼睛时，有些猎人会感到难以扣下扳机。所以他们会从远处射击。,,390,61750,0,132368,4,160,-1,6,7,0
高山短尾兔可以用令人难以置信的速度跳上陡峭的山壁。,|cFFFFD200宠物对战：|r至高岭、赤脊山,391,61167,0,254857,4,26,4,6,7,0
赤脊山的老鼠个个都在村里的食品库里吃得脑满肠肥。,|cFFFFD200宠物对战：|r赤脊山,392,61168,0,134324,4,26,4,6,7,0
早在我们出现之前，它们已经在此繁衍。即使我们灭亡，它们的传承仍将继续。,|cFFFFD200宠物对战：|r燃烧平原、东瘟疫之地、戈尔隆德、冰冠冰川、钢铁码头、辛特兰、暮光高地、安戈洛环形山、湿地,393,61384,0,294474,4,26,4,6,7,0
“小牧羊女的羊群走丢了，也不知该去哪找它们。别管它们，它们会回……我的天呐，它们就在屋子里！”,,394,61170,0,136071,4,58,-1,6,7,0
人们在赤脊山活动时一定得带上头盔，因为秃鹫总把人形生物的头发看做极佳的筑巢材料。,|cFFFFD200宠物对战：|r赤脊山,395,61171,0,132200,2,26,4,6,7,0
作为暮色森林的原住民，这些八条腿的小家伙常被当成炼金药水的原料。,|cFFFFD200宠物对战：|r暮色森林,396,61253,0,132196,7,26,4,6,7,0
由于显然易见的原因，臭鼬是一种独居生物。,|cFFFFD200宠物对战：|r埃门谷、艾萨拉、秘血岛、暮色森林、吉尔尼斯、嚎风峡湾、纳格兰（德拉诺）、泰罗卡森林|n,397,61255,0,463569,4,26,4,6,7,0
尽管大部分人都认为黑猫是不吉利的，可黑老鼠的风评却好得多。,|cFFFFD200宠物对战：|r荒芜之地、暮色森林、尘泥沼泽、东瘟疫之地、千针石林、暮光高地、西瘟疫之地、湿地|n,398,61257,0,134324,4,26,4,6,7,0
许多年以前，人类将这些爬行动物带到了暮色森林，来削减当地的老鼠数量。,|cFFFFD200宠物对战：|r暮色森林,399,61258,0,132211,7,26,4,6,7,0
一旦寡妇幼蛛开始承担讨厌的家庭责任后，就会有大把的时间来探索暮色森林了。,|cFFFFD200宠物对战：|r暮色森林|n|cFFFFD200时间：|r夜晚,400,61259,0,132196,7,26,4,6,7,0
退去的潮水暴露了海湾蟹的栖息地以及他们躲在沙滩吞吃小生物时咔嚓起舞的响声。,|cFFFFD200宠物对战：|r黑海岸、龙骨荒野、丹莫罗、吉尔尼斯、科赞、北荆棘谷、阿兰卡峰林、悲伤沼泽、荆棘谷海角、失落群岛,401,61312,0,2027868,8,26,4,6,7,0
更喜欢居住在潮湿、泥泞的地区，以哀伤苔的花蜜为食。,|cFFFFD200宠物对战：|r悲伤沼泽,402,61370,0,236193,2,26,4,6,7,0
鹦鹉能够学舌，但很难进行有意义的对话。,|cFFFFD200宠物对战：|r北荆棘谷、悲伤沼泽、荆棘谷海角、安戈洛环形山,403,61313,0,136036,2,26,4,6,7,0
尽管大部分人都将其当做童谣的胡言乱语，但长尾地道鼠是切实存在的。,|cFFFFD200宠物对战：|r丹莫罗、北荆棘谷、荆棘谷海角、安戈洛环形山,404,61317,0,134324,4,26,4,6,7,0
荆棘谷的古拉巴什巨魔经常捕捉这种强大的野兽作为宠物……或者充作肉食。,|cFFFFD200宠物对战：|r北荆棘谷、塔纳安丛林、荆棘谷海角、安戈洛环形山,405,61318,0,132211,7,26,4,6,7,0
一种生命力旺盛的昆虫，能够适应各种气候。这种甲虫以能够在大战方酣的战场上繁衍生息而著称。,|cFFFFD200宠物对战：|r荒芜之地、东瘟疫之地、费伍德森林、北荆棘谷、希利苏斯、荆棘谷海角、安戈洛环形山、觉醒海岸、碧蓝林海、索德拉苏斯,406,61319,0,237144,4,26,4,6,7,0
这种邪恶的生物在荆棘谷的密林里编织着精巧的网。,|cFFFFD200宠物对战：|r至高岭、北荆棘谷、影月谷、荆棘谷海角,407,61320,0,132196,7,26,4,6,7,0
如果一条雌蜥蜴不在隐蔽的地方产卵，那她的卵就很有可能会被鞭尾迅猛龙吃掉。,|cFFFFD200宠物对战：|r北荆棘谷、荆棘谷海角,408,61321,0,463491,7,26,4,33,7,0
鹦鹉最喜欢血顶巨魔们吃的新鲜小鱼。它们对干面包片并不那么感兴趣。,|cFFFFD200宠物对战：|r北荆棘谷,409,61322,0,136036,2,26,4,6,7,0
就像码头上乱七八糟的水手一样，码头老鼠也是一种凶猛暴力的生物。,|cFFFFD200宠物对战：|r钢铁码头、荆棘谷海角、托尔巴拉德半岛,410,61323,0,134324,4,26,4,6,7,0
小猩猩很快就会学会用脚在树枝上荡来荡去，并用解放出来的双手向入侵者砸东西。,|cFFFFD200宠物对战：|r荆棘谷海角|n|cFFFFD200天气：|r雨天,411,61324,0,651242,7,26,4,6,7,0
蜘蛛家族中最常见的品种，艾泽拉斯的各个角落里几乎都有这些小家伙结出的网。,|cFFFFD200宠物对战：|r安卡赫特：古代王国、艾卓-尼鲁布、艾萨拉、黑暗神殿、诅咒之地、达克萨隆要塞、丹莫罗、尘泥沼泽、东瘟疫之地、艾尔文森林、幽魂之地、吉尔尼斯、吉尔尼斯城、映像大厅、希尔斯布莱德丘陵、嚎风峡湾、冰冠堡垒、卡拉赞、纳克萨玛斯、奥格瑞玛、萨隆矿坑、吉尔尼斯废墟、影月谷（德拉诺）、石爪山脉、悲伤沼泽、泰达希尔、净化斯坦索姆、灵魂洪炉、辛特兰、风暴峭壁、紫罗兰监狱、提瑞斯法林地、乌特加德城堡、乌特加德之巅、冬泉谷、祖阿曼（地下城）、祖达克,412,61327,0,132196,7,26,4,6,7,0
其毒液足以杀死重量相当于其本身体重100倍的生物。,|cFFFFD200宠物对战：|r刀锋山、诅咒之地、燃烧平原、东瘟疫之地、地狱火半岛、奥格瑞玛、影月谷、希利苏斯、千针石林、暮光高地,414,61326,0,132195,7,24,4,6,7,0
火甲虫以灰烬为食，喜欢高温和浓烟的味道。,|cFFFFD200宠物对战：|r诅咒之地、燃烧平原、海加尔山、灼热峡谷、安戈洛环形山、觉醒海岸,415,61328,0,237144,4,26,4,6,7,0
尽管有着强有力的钳子和滴着毒液的尾巴，可这种小蝎子的噬咬才是最危险的。,|cFFFFD200宠物对战：|r诅咒之地,416,61329,0,132195,7,26,4,6,7,0
根据可靠记载称，勇敢的考古学家哈里森·琼斯十分害怕这种老鼠。,|cFFFFD200宠物对战：|r埃门谷、阿拉希盆地、阿拉希高地、灰谷、艾萨拉、秘血岛、晶歌森林、黑海岸、凄凉之地、达克萨隆要塞、丹莫罗、霜火岭、幽魂之地、吉尔尼斯、吉尔尼斯城、至高岭、希尔斯布莱德丘陵、嚎风峡湾、卡拉赞、洛克莫丹、纳格兰、纳克萨玛斯、吉尔尼斯废墟、血色修道院、沙塔斯城、银松森林、阿兰卡峰林、石爪山脉、暴风城、沉没的神庙、悲伤沼泽、泰罗卡森林、荆棘谷海角、净化斯坦索姆、死亡矿井、辛特兰、失落群岛、破碎大厅、紫罗兰监狱、永恒岛、提瑞斯法林地、塔纳安丛林、觉醒海岸、碧蓝林海、海妖岛,417,61366,0,134324,4,26,4,6,7,0
这些短命的爬虫搭乘商船来到奥格瑞玛，被这座城市的住民看成是害虫。,|cFFFFD200宠物对战：|r杜隆塔尔、北荆棘谷、奥格瑞玛、悲伤沼泽、暮光高地、湿地,418,61367,0,132211,7,26,4,6,7,0
这是一只小青蛙。,|cFFFFD200宠物对战：|r阿拉希高地、达纳苏斯、凄凉之地、艾尔文森林、永歌森林（燃烧的远征）、幽魂之地、洛克莫丹、北贫瘠之地、南贫瘠之地、悲伤沼泽、泰达希尔、赞加沼泽,419,61071,0,237579,8,26,4,6,7,0
晚夏的夜歌是属于蛤蟆们的歌。,|cFFFFD200宠物对战：|r灰谷、杜隆塔尔、尘泥沼泽、永歌森林（燃烧的远征）、费伍德森林、幽魂之地、希尔斯布莱德丘陵、嚎风峡湾、纳格兰、奥格瑞玛、银松森林、悲伤沼泽、泰达希尔、暮光高地、湿地,420,61369,0,237579,8,26,4,6,7,0
更喜欢居住在潮湿的热带地区，以皇血草的花蜜为食。,|cFFFFD200宠物对战：|r北荆棘谷、荆棘谷海角,421,61314,0,236193,2,26,4,6,7,0
在捕食或躲避天敌时，这种蛇可以在水面上短距离的滑行。,|cFFFFD200宠物对战：|r悲伤沼泽,422,61372,0,132211,7,26,4,6,7,0
这种适应力极强的节肢动物有着厚厚的甲壳，使其能够在严酷的环境下生存。,|cFFFFD200宠物对战：|r燃烧平原、灼热峡谷,423,61383,0,2027886,6,26,4,6,7,0
被绝大多数人所厌恶的蟑螂具有非凡的生命力，这是它们与其它物种之间的最大区别。,|cFFFFD200宠物对战：|r灰谷、艾萨拉、凄凉之地、丹莫罗、暮色森林、吉尔尼斯、吉尔尼斯城、嚎风峡湾、冰冠堡垒、科赞、洛克莫丹、北荆棘谷、剃刀高地、赤脊山、石爪山脉、荆棘谷海角、净化斯坦索姆、千针石林、提瑞斯法林地|n,424,61169,0,294474,4,26,4,6,7,0
这种坏脾气的蛇生活在燃烧平原的熔火池附近。,|cFFFFD200宠物对战：|r燃烧平原、影月谷,425,61385,0,132211,7,26,4,6,7,0
这些蜘蛛像石头一样坚硬的甲壳使它们能够在灼热峡谷的高温中存活下来。,|cFFFFD200宠物对战：|r灼热峡谷、塔拉多,427,61420,0,132196,7,26,4,6,7,0
这些酷热的蜘蛛会把自己伪装成岩浆，混入周围的环境中。,|cFFFFD200宠物对战：|r灼热峡谷,428,61425,0,132196,7,26,4,6,7,0
燃烧平原的甲虫会将熔岩滚成小球，并在其冷却之后吞下它们。,|cFFFFD200宠物对战：|r燃烧平原,429,61386,0,237144,4,26,4,6,7,0
泰坦制造的小型自动机械同伴，用于清洁和维护他们庞大的建筑。,|cFFFFD200宠物对战：|r荒芜之地、戈尔隆德、塔纳利斯,430,61438,0,237144,4,26,4,6,7,0
蛮锤矮人们在训练小狮鹫时，会让它们去捕猎暮光高地的响尾毒蛇。,|cFFFFD200宠物对战：|r荒芜之地、塔纳利斯、暮光高地,431,61439,0,132211,7,26,4,6,7,0
毒性不如其他蝎子那么强，但更具攻击性。,|cFFFFD200宠物对战：|r荒芜之地、塔纳利斯、泰罗卡森林,432,61440,0,132195,7,24,4,6,7,0
刺蜥的颜色让它能够不着痕迹地融入希利苏斯的沙漠中去。,|cFFFFD200宠物对战：|r荒芜之地、希利苏斯,433,61441,0,463491,7,26,4,33,7,0
当公羊低下脑袋时，就说明它要冲锋了。当然也有可能是它累了。,|cFFFFD200宠物对战：|r阿拉希高地、希尔斯布莱德丘陵、洛克莫丹、吉尔尼斯废墟、湿地,434,61456,0,132248,7,160,4,6,7,0
这些山羊靠用头撞击洛克莫丹附近的小树苗来磨练自己的战斗技巧。,|cFFFFD200宠物对战：|r洛克莫丹,437,61459,0,132248,7,26,4,6,7,0
人们经常看到这条蛇在荒芜之地的裸露岩石上晒太阳。,|cFFFFD200宠物对战：|r荒芜之地,438,61443,0,136040,7,26,4,6,7,0
这些生物十分安静，只是偶尔会发出死气沉沉的绝望叹息。,|cFFFFD200宠物对战：|r逆风小径|n|cFFFFD200时间：|r清晨,439,61375,0,132123,3,26,4,36,7,0
丹莫罗附近厚厚的积雪为学习捕猎的雪豹幼崽提供了保护色。,|cFFFFD200宠物对战：|r丹莫罗,440,61689,0,132252,7,26,4,6,7,0
高山野兔能够在永冻层中打洞，并冬眠数周、甚至数月之久。,|cFFFFD200宠物对战：|r丹莫罗、冬泉谷,441,61690,0,254857,4,26,4,6,7,0
大部分生物对环境的适应能力都及不上蟑螂的千分之一。,|cFFFFD200宠物对战：|r丹莫罗,442,61691,0,294474,4,26,4,6,7,0
尽管有着田园牧歌式的生活环境，草地短尾兔在躲避追逐者时的跳跃速度十分惊人。,|cFFFFD200宠物对战：|r阿拉希高地,443,61704,0,254857,4,26,4,6,7,0
,,444,61708,0,577318,4,56,-1,6,7,0
小旋风最喜欢偷偷靠近毫无防备的生物，然后吹起它们的鼻孔，让它们吓一跳。,|cFFFFD200宠物对战：|r阿拉希高地,445,61703,0,236154,6,26,4,6,7,0
翡翠软泥怪能在黑暗中发光，这令它们受到了在漆黑矿道中工作的工人们的欢迎。,|cFFFFD200宠物对战：|r辛特兰,446,61718,0,134437,5,26,4,33,7,0
小心有鹿出没的地方。哪怕一头小鹿都能彻底撞坏一辆地精三轮车。,|cFFFFD200宠物对战：|r艾尔文森林、泰达希尔,447,61165,0,656350,4,26,4,36,7,0
一根胡萝卜、一个盒子、一根棍子和一些棉线。等上几个小时，你就能得到一只野兔了。,|cFFFFD200宠物对战：|r阿拉希高地、杜隆塔尔、辛特兰,448,61751,0,254857,4,26,4,6,7,0
与它们在艾泽拉斯的近亲不同，这些外域生物在刀锋山安了家。,|cFFFFD200宠物对战：|r刀锋山、戈尔隆德、辛特兰,449,61752,0,2126349,4,26,4,6,7,0
这种生物更偏爱栖息在林地中。它们可以在那里安全地完成蜕变。,|cFFFFD200宠物对战：|r灰谷、幽魂之地、希尔斯布莱德丘陵、嚎风峡湾、辛特兰、提瑞斯法林地、塔纳安丛林,450,61753,0,651538,7,26,4,6,7,0
根据暗夜精灵的传说，第一只红尾花栗鼠是在偷吃了一颗神圣苹果之后才变成这样的。,|cFFFFD200宠物对战：|r达纳苏斯、凄凉之地、希尔斯布莱德丘陵、塔拉多、泰达希尔,452,61757,0,134322,4,26,4,6,7,0
这些被感染的幼熊仍然对蜜蜂的嗡嗡声十分敏感，尽管已经尝不到蜂蜜了。,|cFFFFD200宠物对战：|r希尔斯布莱德丘陵,453,61758,0,648803,3,26,4,6,7,0
就连洛丹伦的老鼠都染上了药剂师的瘟疫，开始以死者的腐肉为食。,|cFFFFD200宠物对战：|r提瑞斯法林地,454,61889,0,134324,4,26,4,6,7,0
亡灵松鼠开始喜欢上了银松森林里生长的奇怪浆果和蘑菇。,|cFFFFD200宠物对战：|r银松森林,455,61890,0,646782,3,26,4,6,7,0
奇怪的是，这种鹰会用刀锋般锐利的爪子撕扯树皮来寻找下面的虫子，尽管它并不需要食物。,|cFFFFD200宠物对战：|r西瘟疫之地,456,61826,0,648726,3,26,4,34,7,0
它能够活吞重量相当于其体重三倍的东西。,|cFFFFD200宠物对战：|r东瘟疫之地,457,61830,0,236197,7,26,4,6,7,0
这些小鬼魂发现它们的亡灵邻居都是糟糕的伙伴，所以它们喜欢在提瑞斯法林地里独自游荡。,|cFFFFD200宠物对战：|r提瑞斯法林地,458,61905,0,135974,3,26,4,6,7,0
经过几个世纪的驯化，这些毛茸茸的动物几乎遍及东部王国的所有人类国度。,|cFFFFD200宠物对战：|r阿拉希高地、艾尔文森林、永歌森林（燃烧的远征）、虚空风暴、银月城（燃烧的远征）,459,62019,0,132167,7,26,4,6,7,0
小的元素树苗会长成树人，成为凶猛的森林守护者。,|cFFFFD200宠物对战：|r永歌森林（燃烧的远征）,460,62020,0,132129,6,26,4,6,7,0
不久前才出现在艾泽拉斯的新物种，在等待着下一阶段的进化的同时积极繁衍开来。,|cFFFFD200宠物对战：|r幽魂之地,461,62022,0,651538,7,26,4,6,7,0
[DEBUG] This pet comes from the magical Test Land where it frolics all day in fields of structs.,|cFFFFD200商人出售：|r军需官布雷泽|n|cFFFFD200地区：|r托尔巴拉德半岛|n|cFFFFD200声望：|r巴拉丁典狱官-尊敬,462,62035,89472,464160,2,32,2,6,7,0
死去螃蟹的灵魂，渴望向那些吃了它们的鱼人复仇。,|cFFFFD200宠物对战：|r幽魂之地,463,62034,0,133275,3,26,4,6,7,0
如果你在埃门谷附近穿上昂贵的服装，那就能轻松找到大量飞蛾了。它们完全抵挡不了高级时装的美丽诱惑。,|cFFFFD200宠物对战：|r秘蓝岛,464,62050,0,236193,2,26,4,6,7,0
这些贪吃的食肉生物随着德莱尼人的空间堡垒埃索达一起来到了艾泽拉斯。,|cFFFFD200宠物对战：|r秘血岛,465,62051,0,132194,7,26,4,6,7,0
奥格瑞玛的孩子们经常捕捉这些蜥蜴作为宠物。奥格瑞玛的大人们则常常一脚踩死它们。,|cFFFFD200宠物对战：|r杜隆塔尔、奥格瑞玛,466,62114,0,463491,7,26,4,33,7,0
一种沙漠劫掠者，喜欢粪便集中的区域。,|cFFFFD200宠物对战：|r杜隆塔尔、奥格瑞玛、奥丹姆,467,62115,0,133570,4,26,4,6,7,0
这些甲虫经常在杜隆塔尔那些被部落的战争机器遗弃的采石场中安家。,|cFFFFD200宠物对战：|r杜隆塔尔,468,62116,0,133570,4,26,4,6,7,0
一个神秘的物种，据说是以上古之神的混乱能量为食的。,|cFFFFD200宠物对战：|r艾萨拉、深岩之洲、海加尔山,469,62118,0,133570,4,26,4,6,7,0
这些邪恶的生物被暮光之锤的黑暗魔法所扭曲，以专门吞食自己的幼崽而著称。,|cFFFFD200宠物对战：|r艾萨拉、深岩之洲、暮光高地,470,62117,0,132196,7,26,4,6,7,0
最早由一名生气的地精制造而成，专门用清晨的打鸣声来骚扰邻居。,|cFFFFD200宠物对战：|r艾萨拉、奥格瑞玛、冬泉谷|n,471,62119,0,656513,9,26,4,6,7,0
尽管这一代产品被大部分人看做是4000系列的重大改进，但它们产生的热量依然是一个大问题。,|cFFFFD200宠物对战：|r艾萨拉、石爪山脉、冬泉谷|n,472,62120,0,134322,9,26,4,6,7,0
纳迦都很害怕海龟，认为它们是不吉利的象征，并在艾萨拉的海滩上对它们敬而远之。,|cFFFFD200宠物对战：|r艾萨拉,473,62121,0,1738680,8,26,4,6,7,0
这些淘气的幼年猫科动物在贫瘠之地互相追踪，以练习捕猎技巧。,|cFFFFD200宠物对战：|r北贫瘠之地,474,62129,0,132242,7,26,4,6,7,0
长颈鹿经历了野蛮的半人马数十年来的过度捕杀，最后还是牛头人挽救了这个濒临灭绝的物种。,|cFFFFD200宠物对战：|r南贫瘠之地,475,62130,0,132368,7,26,4,36,7,0
对瞪羚，大部分人只能瞠乎其后。,|cFFFFD200宠物对战：|r凄凉之地、莫高雷、北贫瘠之地、南贫瘠之地,476,62163,0,132368,4,160,4,6,7,0
莫高雷的小瞪羚很快就学会了在听到牛头人猎手的战号时逃跑。不幸的是，它们听不到好猎手的接近。,|cFFFFD200宠物对战：|r莫高雷,477,62176,0,132368,4,26,4,36,7,0
更喜欢居住在凉爽的林区，以魔皇草的花蜜为食。,|cFFFFD200宠物对战：|r灰谷、达纳苏斯、凄凉之地、月光林地、海加尔山、泰达希尔,478,62177,0,236193,2,26,4,6,7,0
长时间亲近精灵魔法造成了它们违反自然规律的超长寿命。在某些小野兔身上……还出现了更奇怪的事。,|cFFFFD200宠物对战：|r达纳苏斯、凄凉之地、海加尔山、泰达希尔,479,62178,0,254857,4,26,4,6,7,0
黄宝石钻孔幼蛛向来受珠宝匠人的追捧，其完好无损的甲壳可以制作成精美的戒指和手镯镶饰。,|cFFFFD200宠物对战：|r深岩之洲、凄凉之地,480,62181,0,134395,6,26,4,6,7,0
很久以前，海加尔山的德鲁伊们就驯服了这种生物，使它们与当地的其他生物和平共处。,|cFFFFD200宠物对战：|r刀锋山、凄凉之地、海加尔山、希利苏斯,482,62184,0,132211,7,26,4,6,7,0
许多学者都在质疑这到底是不是蛤蟆。,|cFFFFD200宠物对战：|r凄凉之地、塔纳安丛林,483,62185,0,237579,8,26,4,33,7,0
这种狡猾的生物在奥丹姆的地下钻洞，并靠从地下暴起来捕捉猎物。,|cFFFFD200宠物对战：|r凄凉之地、希利苏斯、塔纳利斯、奥丹姆,484,62186,0,132196,7,26,4,6,7,0
当这些嗜睡的小家伙不打瞌睡时，就会用它们巨大的爪子挖虫子来吃。,|cFFFFD200宠物对战：|r凄凉之地|n|cFFFFD200时间：|r夜晚|n,485,62187,0,464159,4,26,4,6,7,0
由于长着一对大耳朵，所以这种生物被称为骡子。它们还以将黑市血蓟偷运去奎尔萨拉斯而闻名。,|cFFFFD200宠物对战：|r石爪山脉,486,62188,0,132368,4,160,4,6,7,0
许多探险家都会被高山花栗鼠的可爱天性迷住，以致忽略了咬在自己冻伤的手指上的细小牙齿。,|cFFFFD200宠物对战：|r至高岭、海加尔山、石爪山脉、冬泉谷、碧蓝林海|n,487,62189,0,134322,4,26,4,6,7,0
勇敢的刺客有时会捕捉这些小家伙，并用它们的剧毒汁液给武器浸毒。,|cFFFFD200宠物对战：|r石爪山脉,488,62190,0,132211,7,26,4,6,7,0
这些邪恶的喷火雏龙逃出奥妮克希亚的巢穴，躲入了周边地区。与其接触时一定要保持高度警惕。,|cFFFFD200宠物对战：|r尘泥沼泽,489,62201,0,134154,1,26,4,6,7,0
这些凶猛野蛮的猫科动物最初是沙怒巨魔豢养的宠物，居住在塔纳利斯的沙漠中。,|cFFFFD200宠物对战：|r塔纳利斯,491,62257,0,132167,7,26,4,6,7,0
一种沙漠昆虫，靠散发一种肮脏的、类似食人魔的气味来保护自己的卵。,|cFFFFD200宠物对战：|r塔纳利斯,492,62256,0,237144,4,26,4,6,7,0
总在黑海岸沿海的水面下捕食。,|cFFFFD200宠物对战：|r黑海岸,493,62246,0,442735,4,26,4,6,7,0
这些幼虫可以通过咬合颚骨奏出渐趋复杂的节奏来自娱自乐。,|cFFFFD200宠物对战：|r塔纳利斯|n|cFFFFD200天气：|r沙尘暴,494,62258,0,236195,7,26,4,6,7,0
每一只青蛙都在等待它的王子或公主。,|cFFFFD200宠物对战：|r灰谷,495,62312,0,237579,8,26,4,6,7,0
别让这些没有脸的家伙骗了，这些黏滑的家伙十分愤怒并且渴望战斗。,|cFFFFD200宠物对战：|r灰谷,496,62313,0,442735,4,26,4,6,7,0
就连蟑螂也抵抗不了渗漏出来的恶魔腐蚀。,|cFFFFD200宠物对战：|r费伍德森林、影月谷,497,62314,0,294474,4,26,4,6,7,0
它们更喜欢住在腐化的林子里，以紫莲花的花蜜为食。,|cFFFFD200宠物对战：|r费伍德森林,498,62315,0,236193,2,26,4,6,7,0
有些东西脏得连老鼠都不愿碰。,|cFFFFD200宠物对战：|r费伍德森林,499,62316,0,134324,4,26,4,6,7,0
在战斗中倒下的大型地狱火残骸上偶尔会生成这些由烈焰和怒火组成的暴躁构造体。,|cFFFFD200宠物对战：|r费伍德森林,500,62317,0,136219,5,26,4,6,7,0
第一个发现斑点铃蛙的矮人探险家无法决定到底是以这种青蛙独特的斑纹还是奇特的求偶叫声来命名。于是她选择了两者兼备。,|cFFFFD200宠物对战：|r安戈洛环形山,502,62370,0,237579,8,26,4,6,7,0
更喜欢居住在诺达希尔的树荫之下，以风暴藤的花蜜为食。,|cFFFFD200宠物对战：|r月光林地、海加尔山、安戈洛环形山,503,62373,0,236193,2,26,4,6,7,0
双帆龙会将自己的幼崽遗弃在安戈洛环形山上，让它们自生自灭。只有最强壮的小双帆龙才能存活下来。,|cFFFFD200宠物对战：|r安戈洛环形山,504,62375,0,134318,7,26,4,6,7,0
虽然大部分爬行动物都喜欢晒太阳，可这些长着鳞片的野兽却喜欢沐浴艾泽拉斯的双月光辉。,|cFFFFD200宠物对战：|r千针石林,505,62255,0,463491,7,26,4,33,7,0
这些八条腿的家伙已经在石爪山脉的阴郁悬崖下徘徊了数千年。,|cFFFFD200宠物对战：|r石爪山脉,506,62191,0,132196,7,26,4,6,7,0
许多猫头鹰都在达纳苏斯高耸的岩石建筑上筑巢，捕杀一切进入暗夜精灵主城的害虫。,|cFFFFD200宠物对战：|r泰达希尔,507,62242,0,132192,2,26,4,6,7,0
由于生活在长年不见阳光的环境中，黑海岸的熊有着黑色的毛皮和令人难以置信的夜视能力。,|cFFFFD200宠物对战：|r黑海岸,508,62250,0,446127,7,26,4,6,7,0
这些小型元素生物会依附在大型泥泞兽的背上，搜寻美味的虫子。,|cFFFFD200宠物对战：|r湿地,509,61686,0,135049,6,26,4,6,7,0
许多年轻的侏儒发明家都曾按照死去的心爱宠物的形象制作过机械伙伴以作为弥补。,|cFFFFD200宠物对战：|r科赞、冬泉谷,510,62434,0,466036,9,34,4,6,7,0
原产于艾泽拉斯的沙漠地区。这些有着超强适应能力的爬行动物可以在没有水的情况下存活数周。,|cFFFFD200宠物对战：|r希利苏斯、奥丹姆,511,62523,0,132211,7,26,4,6,7,0
邪恶的安其拉食脑甲虫的幼体。这些小家伙比它们的父母要温顺（且安静）得多。,|cFFFFD200宠物对战：|r希利苏斯,512,62524,0,133570,4,26,4,6,7,0
这些小虫子发出的吱吱声可能听起来很可爱，但它们其实是在为你的死亡而尖叫。,|cFFFFD200宠物对战：|r希利苏斯|n|cFFFFD200季节：|r夏季,513,62526,0,236829,0,26,4,6,7,0
一个傲慢的邪兽人曾试图奴役这些生物作为私兵。现在，他的残骸依然散落在外域的各个角落。,|cFFFFD200宠物对战：|r地狱火半岛,514,62555,0,366938,0,26,4,6,7,0
这些矮墩墩的小家伙经常会在寻找它们最爱的食物荧光菌帽时陷入麻烦。,|cFFFFD200宠物对战：|r赞加沼泽,515,62564,0,134532,0,26,4,36,7,0
在孵化出来之后，这些扭曲的爬行动物就会吞噬较弱的同胞兄弟姐妹，以确立自己的统治地位。,|cFFFFD200宠物对战：|r泰罗卡森林,517,62583,0,132201,7,26,4,6,7,0
对食人魔来说，将女性的头发比喻成裂蹄牛蓬松的毛发是一种表达爱意的方法。,|cFFFFD200宠物对战：|r纳格兰,518,62620,0,134060,7,26,4,6,7,0
这些暴躁的小家伙是由恶魔法术缔造而成，会用邪恶能量腐化自己碰触到的一切。,|cFFFFD200宠物对战：|r影月谷、塔纳安丛林,519,62621,0,135794,6,26,4,6,7,0
成年的虚空鳐比较温顺，但它们的幼崽都是些脾气暴躁又精力充沛的小家伙。,|cFFFFD200宠物对战：|r虚空风暴,521,62627,0,132191,2,26,4,6,7,0
嚎风峡湾存在着永不停止的生命轮回。当一只生物死去时，它的尸体会很快被蛆虫消化，然后将养分依次传递给其他生物。,|cFFFFD200宠物对战：|r嚎风峡湾,523,62640,0,134895,7,26,4,6,7,0
冬幕节主菜的食材。,|cFFFFD200宠物对战：|r嚎风峡湾,525,62648,0,250626,2,26,4,6,7,0
这种暴躁的蜥蜴栖息在刀锋山上，尽可能不与其他生物接触。,|cFFFFD200宠物对战：|r刀锋山,528,62628,0,463491,7,26,4,6,7,0
曾有一个老维库人说过：‘不要吵醒沉睡的座狼，除非你不想要自己的脸了。’,|cFFFFD200宠物对战：|r嚎风峡湾,529,62669,0,132203,7,26,4,6,7,0
这些有生命的软泥怪连最基本的智慧都欠奉，但这并不意味着你们不能交朋友。,|cFFFFD200宠物对战：|r北风苔原,530,62697,0,134438,5,26,4,33,7,0
凶狠的狼獾人猎杀这些暴躁的凶兽以获取它们的角。随后，这些角会被雕刻成护符和其他饰品。,|cFFFFD200宠物对战：|r索拉查盆地,532,62816,0,236194,7,26,4,6,7,0
牦牛人会收集这些高贵的猛禽羽毛，用于原始的预言仪式。,|cFFFFD200宠物对战：|r灰熊丘陵,534,62819,0,132172,2,26,4,6,7,0
祖达克的巨魔在召唤水元素来对抗天灾军团时不小心创造出了这些小家伙。,|cFFFFD200宠物对战：|r祖达克,535,62820,0,135862,6,26,4,6,7,0
苔原企鹅经常聚集在冰层上，以对抗来自水中的威胁。不幸的是，这反而使那些寻找肉食、毛皮或怀有其他目的人形猎手更容易捕杀它们。,|cFFFFD200宠物对战：|r北风苔原、龙骨荒野,536,62835,0,655866,8,26,4,6,7,0
这些鬼祟的小家伙都蛰伏在诺森德中心的古代龙骨附近的巢穴中。,|cFFFFD200宠物对战：|r龙骨荒野,537,62852,0,132200,2,26,4,6,7,0
克尔苏加德曾养大过一条被瘟疫感染的雏龙，只给它喂食彻底溶解的尸体。,|cFFFFD200宠物对战：|r冰冠冰川,538,62854,0,134154,3,26,4,6,7,0
人们常把洞穴鼠和老鼠搞混。但这种错误绝不会再犯第二次。,|cFFFFD200宠物对战：|r海加尔山,539,62884,0,134324,4,26,4,6,7,0
哪里有腐肉，哪里就有老鼠。,|cFFFFD200宠物对战：|r海加尔山,540,62885,0,134324,4,26,4,6,7,0
蟑螂卵的外壳保护了幼虫不被烧成灰烬。在孵化过程中，它们就获得了抵抗火山地带的火焰与高温的能力。,|cFFFFD200宠物对战：|r霜火岭、海加尔山,541,62886,0,294474,4,26,4,6,7,0
色彩艳丽，而且比大部分青蛙更有活力。,|cFFFFD200宠物对战：|r奥丹姆,542,62892,0,237579,8,26,4,6,7,0
当蝗虫过境时，一切声响都会被它们挥动翅膀的声音淹没。,|cFFFFD200宠物对战：|r奥丹姆,543,62893,0,294474,4,26,4,6,7,0
更喜欢居住在沙漠中的溪流、水井或水坑附近，以鞭尾草的花蜜为食。,|cFFFFD200宠物对战：|r奥丹姆,544,62895,0,236193,2,26,4,6,7,0
最喜欢在晚上躲进没有防备的旅行者的鞋子里。,|cFFFFD200宠物对战：|r奥丹姆,545,62896,0,132195,7,24,4,6,7,0
这种食腐甲虫经常成群结队地出现在古代地下墓穴中，它们可以在不进食的情况下存活很久。,|cFFFFD200宠物对战：|r奥丹姆,546,62899,0,134936,4,26,4,6,7,0
在第三次大战期间，数以千计的这种神秘生物战胜了恶魔领主阿克蒙德。,|cFFFFD200宠物对战：|r海加尔山,547,62888,0,136116,5,26,4,6,7,0
这家伙因为胆小所以一直不敢飞，直到被人从很高的地方扔下来之后才学会。,|cFFFFD200宠物对战：|r暮光高地,548,62900,0,327735,2,26,4,6,7,0
与它们那些住在平原上的近亲不同，这些小家伙栖息在兵连祸结的暮光高地。,|cFFFFD200宠物对战：|r暮光高地,549,62904,0,2126349,4,26,4,6,7,0
高地的老鼠可能也被暮光之锤所扭曲了，它们极具攻击性而且会为了首领的地位而自相残杀。,|cFFFFD200宠物对战：|r风暴峡湾、碧蓝林海、荆棘谷海角、暮光高地,550,62905,0,647701,4,26,4,6,7,0
仿佛是为了证明做点小坏事有益身心一般，这种小恶魔用它们剃刀般锋利的牙齿和张大的嘴吞吃着一切阻挡它们的东西。,|cFFFFD200宠物对战：|r暮光高地,552,62914,0,136199,5,26,4,6,7,0
在漂泊于海上的困窘日子里，看到一只老鼠都能令人欣喜万分。,|cFFFFD200宠物对战：|r深岩之洲,553,62921,0,134324,4,26,4,6,7,0
经过试验，达拉然的法师们发现赤红页岩蜘蛛体内残留的能量能够极大地催发火焰法术的燃烧程度。,|cFFFFD200宠物对战：|r深岩之洲,554,62922,0,134396,6,26,4,6,7,0
深岩之洲的蟑螂会自己在岩石上打洞筑巢。,|cFFFFD200宠物对战：|r深岩之洲,555,62924,0,294474,4,26,4,6,7,0
作为暮光甲虫的近亲，这种昆虫学会了以能够与古代能量共鸣的水晶为食。,|cFFFFD200宠物对战：|r深岩之洲,556,62925,0,237144,4,26,4,6,7,0
和其他精灵龙一样，这些淘气又神秘的飞行生物诞生于自然与魔法的对抗之中。,|cFFFFD200宠物对战：|r菲拉斯,557,62395,0,236997,1,26,4,34,7,0
在风暴峭壁的寒冷夜间，这些小家伙会将自己毛茸茸的尾巴当成保暖的毯子。,|cFFFFD200宠物对战：|r风暴峭壁|n|cFFFFD200天气：|r雪天,558,62864,0,797544,7,26,4,33,7,0
在蔚蓝狂潮横扫深岩之洲前，塞拉赞恩曾将这些生气勃勃的红色元素生物当做首饰佩戴。,|cFFFFD200宠物对战：|r深岩之洲,559,62927,0,134396,6,26,4,39,7,0
作为海滩清道夫，海鸥常出没于码头附近。,|cFFFFD200宠物对战：|r霜寒晶壁、卡桑琅丛林、塔拉多、塔纳利斯,560,62953,0,464160,2,26,4,6,7,0
珊瑚毒蛇的毒液具有致命的杀伤力，咬上一口就足以让一只成年科多兽毙命。,|cFFFFD200宠物对战：|r翡翠林|n,562,62991,0,132211,7,26,4,6,7,0
很难相信，承载着整个迷踪岛的神真子就是由一只小小的翡翠乌龟长成的。,|cFFFFD200宠物对战：|r翡翠林,564,62994,0,1738681,8,26,4,6,7,0
在丛林中，每一片叶子下都藏着一只青蛙。可当你停下来寻找时，它们可能早就已经逃走了。,|cFFFFD200宠物对战：|r翡翠林,565,62997,0,237579,8,26,4,6,7,0
在准备出远门之前，熊猫人都会按照传统捕捉一只明镜水黾然后将其安全放入其他水域。,|cFFFFD200宠物对战：|r翡翠林,566,62998,0,643423,8,26,4,6,7,0
翡翠林的熊猫人认为这些爬行动物是高贵的青龙玉珑的远亲。,|cFFFFD200宠物对战：|r翡翠林,567,62999,0,132211,7,26,4,6,7,0
躲在壳里以躲避附近螃蟹的钳子。,|cFFFFD200宠物对战：|r戈尔隆德、阿兰卡峰林、塔拉多、翡翠林,568,63001,0,442735,4,26,4,6,7,0
作为园艺师眼中的几大古怪害虫之一，花园蛙会对花园造成难以言喻的损害。,|cFFFFD200宠物对战：|r阿苏纳、至高岭、翡翠林,569,63002,0,237579,8,26,4,6,7,0
人们关于狸猫到底是浣熊还是狗曾有过激烈争论，但当它们啃咬你的腿骨时，这些差别似乎都变得无关紧要了。,|cFFFFD200宠物对战：|r翡翠林,570,63003,0,646059,4,26,4,6,7,0
翡翠林的山地猢狲很怕这些剧毒的爬行动物，常常出于纯粹的厌恶而去捕杀它们。,|cFFFFD200宠物对战：|r翡翠林,571,63004,0,132211,7,26,4,6,7,0
这些微型节肢动物是潘达利亚的原住民，以临风岛为家。,|cFFFFD200宠物对战：|r翡翠林,572,63005,0,2027886,8,26,4,6,7,0
沙地海燕翱翔于临风岛上空，躲过了地面上的掠食者。,|cFFFFD200宠物对战：|r翡翠林,573,63006,0,464160,2,26,4,6,7,0
这些不祥的生物在东瘟疫之地的夜空下活动，以腐尸为食。,|cFFFFD200宠物对战：|r东瘟疫之地、海加尔山、提瑞斯法林地,626,61829,0,132182,2,26,4,6,7,0
比其外表更可怕的是，瘟疫之地的被感染的松鼠不再收集坚果，而是收集腐烂、败坏的肉。,|cFFFFD200宠物对战：|r秘血岛、东瘟疫之地、银松森林,627,61828,0,646782,3,26,4,6,7,0
只有傻瓜和疯子才会骑上这些被感染的鹿，因为它们总是用头去撞墙。好消息是，它们与那些亡灵新朋友很相配。,|cFFFFD200宠物对战：|r秘血岛、东瘟疫之地、银松森林,628,61827,0,132104,3,26,4,36,7,0
只在科赞海岸发现过，这个可爱的海洋生物脾气会有点暴躁。,|cFFFFD200商人出售：|r马提|n|cFFFFD200地区：|r奥格瑞玛,629,63097,123212,2027878,8,2,2,6,7,0
乌鸦说：等你话说完，我都老了。,|cFFFFD200商人出售：|r威尔·拉森斯|n|cFFFFD200地区：|r黑海岸,630,63098,123214,132915,2,2,2,6,7,0
这种美丽的生物生活在艾泽拉斯富饶的河流两岸，其美丽的毛皮极受大众的追捧。,|cFFFFD200宠物对战：|r北贫瘠之地、南贫瘠之地、奥丹姆、安戈洛环形山,631,62127,0,132211,7,26,4,6,7,0
这种燃灰蜥蜴得名于其蜕皮的样子，它们蜕下的旧皮看上去就像一堆燃烧的余烬。,|cFFFFD200宠物对战：|r海加尔山、安戈洛环形山,632,62364,0,463491,7,26,4,33,7,0
山地臭鼬最出名的就是其爱冒险的天性。不对，那只是它比较出名的一个天性而已。,|cFFFFD200宠物对战：|r灰熊丘陵、石爪山脉、风暴峭壁、湿地、冬泉谷,633,61677,0,463569,4,26,4,6,7,0
这些奇怪的小家伙像冰块一样闪闪发光，使它们能够藏身于冬泉谷的雪域之中。,|cFFFFD200宠物对战：|r冬泉谷,634,62435,0,132196,7,26,4,6,7,0
与其他那些主动捕食的蛇类不同，这些狡猾的爬虫总是躲在浓密的植被下伏击猎物。,|cFFFFD200宠物对战：|r诅咒之地、杜隆塔尔、地狱火半岛、纳格兰、北贫瘠之地、北荆棘谷、南贫瘠之地、觉醒海岸、碧蓝林海|n,635,61325,0,132211,7,26,4,6,7,0
这些蜘蛛用它们剃刀般锋利的腿在刀锋山坚硬的岩石上挖出了大量隧道。,|cFFFFD200宠物对战：|r刀锋山,637,62638,0,132196,7,26,4,6,7,0
虚空蟑螂已经适应了寒冷的真空环境，不需要空气也能存活。它们的体内构造和普通蟑螂几乎完全不同。,|cFFFFD200宠物对战：|r虚空风暴,638,62625,0,294474,4,26,4,6,7,0
与它们那些生活在温暖地带的近亲不同，这些耐寒的小家伙们在诺森德的冰寒荒原上安了家。,|cFFFFD200宠物对战：|r北风苔原,639,62695,0,2126349,4,24,4,6,7,0
当追逐者陷入雪坑时，雪靴野兔依然可以依靠格外宽大的腿在雪地上轻松跳跃。,|cFFFFD200宠物对战：|r希尔斯布莱德丘陵,640,61755,0,254857,4,26,4,6,7,0
极地野兔的心跳速度是普通野兔的两倍。,|cFFFFD200宠物对战：|r北风苔原、龙骨荒野、风暴峭壁、祖达克、碧蓝林海|n,641,62693,0,254857,4,26,4,6,7,0
要不是意外死亡率太高，峡湾鼠可能已经统治世界了。,|cFFFFD200宠物对战：|r嚎风峡湾,644,62641,0,134324,4,26,4,6,7,0
与家养品种不同，这些小家伙可以飞。,|cFFFFD200宠物对战：|r暮光高地,645,62906,0,250626,2,26,4,6,7,0
不管动机如何，但它总想躲开十字路口。,|cFFFFD200宠物对战：|r暮色森林、尘泥沼泽、艾尔文森林、希尔斯布莱德丘陵、嚎风峡湾、赤脊山、泰罗卡森林、提瑞斯法林地、西部荒野、湿地|n,646,62664,0,250626,2,26,4,6,7,0
在森林深处，就连小动物也得具备自我保护的凶猛性情。,|cFFFFD200宠物对战：|r灰熊丘陵、暮光高地,647,62818,0,134322,4,26,4,6,7,0
这是一只大蛤蟆。,|cFFFFD200宠物对战：|r希尔斯布莱德丘陵、悲伤沼泽、暮光高地、祖达克,648,61368,0,237579,8,26,4,6,7,0
人们相信，有关黄蟾蜍的药用价值的谣言是一个喜欢恶作剧的药剂师传出来的。,|cFFFFD200宠物对战：|r索拉查盆地|n,649,62815,0,237579,8,26,4,6,7,0
而你认为餐桌上出现芜菁是十分糟糕的。,|cFFFFD200掉落：|r世界掉落|n|cFFFFD200地区：|r四风谷,650,63365,123778,646148,6,2,0,36,7,0
这个泡泡要比水缸糟糕多了。,|cFFFFD200商人出售：|r纳特·帕格|n|cFFFFD200地区：|r卡桑琅丛林|n|cFFFFD200声望：|r垂钓翁-尊敬|n|cFFFFD200价格：|r250|TINTERFACE\MONEYFRAME\UI-GOLDICON.BLP:0|t,652,63559,124000,133922,8,2,2,6,7,0
人们容易将沙地甲虫和普通甲虫搞混，可要是你不幸被某只沙地甲虫的尖刺蜇伤，你就马上能纠正自己的错误概念了。,|cFFFFD200集换式卡牌：|r遗忘之墓|n,665,54745,102353,134931,4,2,8,6,7,0
当基尔加丹的军队在艾泽拉斯遭遇失利时，他总会掏出微型纳克斯号，恐吓阿古斯当地的小型猫科生物，来抚慰自己受伤的心灵。,|cFFFFD200成就：|r古墓探险者的荣耀|n,666,63724,249870,1450455,9,131154,5,33,60,0
皇家魁麟的后代。,|cFFFFD200特殊：|r“熊猫人之谜”典藏版,671,63832,124660,656128,4,82,7,6,7,0
除了猫和捕鼠人之外，没有人发现暴风城的老鼠们在死亡之翼降临前突然逃离了城市。之后，它们才陆续返回。,|cFFFFD200宠物对战：|r艾尔文森林、暴风城|n,675,62954,0,134324,4,26,4,6,7,0
曾有一个地精炼金师声称被这种浣熊咬了之后获得了预言能力。事后证明，那只是狂犬病。,|cFFFFD200宠物对战：|r四风谷,677,64246,0,646059,4,26,4,6,7,0
这些绿色的小虫子是潘达利亚荒野的原住民。它们靠翠绿的颜色来躲避天敌。,|cFFFFD200宠物对战：|r卡桑琅丛林,678,63304,0,648918,7,26,4,6,7,0
它们通常都栖息在令人难以置信的高度，或偏远的裸石上，很少能在山脚看到他们。,|cFFFFD200宠物对战：|r昆莱山|n,679,64248,0,237397,7,26,4,35,7,0
猫鼬因具有驱赶毒蛇的能力而广受嘉许。Rikk-tikk-tikki-tikki-tchk！,|cFFFFD200宠物对战：|r螳螂高原|n,680,63953,0,237409,8,26,4,6,7,0
这种恐怖又极具毒性的生物会从翡翠林茂密的林木顶端跃到猎物身上。,|cFFFFD200宠物对战：|r翡翠林|n,699,63715,0,132196,7,26,4,6,7,0
金钱豹蛙得名于它们在树枝间纵跃的英姿。,|cFFFFD200宠物对战：|r戈尔隆德、翡翠林,702,63919,0,237579,8,26,4,6,7,0
许多小浣熊都曾抱怨过严格的宵禁制度，觉得凌晨睡觉未免太早了。,|cFFFFD200宠物对战：|r翡翠林,703,63716,0,646059,4,26,4,6,7,0
对农夫而言，几乎没什么能比在脚下发现一只求爱的公鸡更让人难以忍受了。,|cFFFFD200宠物对战：|r四风谷,705,65029,0,250626,2,58,4,6,7,0
这种沉默内敛的浣熊主要以吃苹果为生。,|cFFFFD200宠物对战：|r四风谷,706,63062,0,646059,4,26,4,6,7,0
有些德鲁伊说熊猫人和浣熊是远亲，但谁也不敢当着熊猫人的面这么说。,|cFFFFD200宠物对战：|r四风谷,707,63064,0,646059,4,26,4,6,7,0
许多人都相信箭鼠能够对侵略者射出身上的刺。,|cFFFFD200宠物对战：|r四风谷、卡桑琅丛林,708,63094,0,134322,4,26,4,6,7,0
虽然箭鼠幼崽造成的伤口鲜有致命，大部分掠食者还是会去寻找更加安全的猎物。,|cFFFFD200宠物对战：|r四风谷,709,63095,0,134322,4,26,4,6,7,0
众所周知，它以四风谷的美味植物为食。,|cFFFFD200宠物对战：|r四风谷,710,63096,0,646325,4,26,4,6,7,0
四方水獭近水而居，通常十分活泼友善。,|cFFFFD200宠物对战：|r四风谷,711,63057,0,645906,8,26,4,6,7,0
水獭在游泳时，会蜷起长长的身体，靠它们强有力的尾巴推进。它们的游泳速度非常快。,|cFFFFD200宠物对战：|r四风谷,712,63358,0,645906,8,26,4,6,7,0
软壳乌龟的肉被人们视为佳肴，而且是海龟汤的关键原料。,|cFFFFD200宠物对战：|r四风谷,713,63060,0,1738657,8,26,4,6,7,0
有偏方称，一旦被热毒牙幼蛛咬伤，可以狂舞飙汗，在毒素沁入身体之前将其排出。,|cFFFFD200宠物对战：|r卡桑琅丛林|n|n,714,65054,0,132196,7,26,4,6,7,0
因擅于结茧吐丝而倍受重视，对未经训练的人来说，很难在野外辨识出这种生物。,|cFFFFD200宠物对战：|r四风谷|n,715,65099,0,648918,4,58,4,6,7,0
这些不具毒性的小动物只吃植物和水果，这在蛛型纲动物中十分罕见。,|cFFFFD200宠物对战：|r卡桑琅丛林|n,716,63288,0,132196,7,26,4,6,7,0
甲虫家族中最美味的成员。,|cFFFFD200宠物对战：|r卡桑琅丛林|n|n,717,63291,0,237144,4,26,4,6,7,0
这种勇敢又颇为自恋的昆虫，为使自己成为焦点，无惧任何威胁。,|cFFFFD200宠物对战：|r卡桑琅丛林|n,718,65124,0,236193,2,26,4,6,7,0
长大后以吃小树叶和青草为生。,|cFFFFD200宠物对战：|r卡桑琅丛林|n,722,65185,0,236196,2,26,4,6,7,0
棘刺水龟被激怒时，会缩进壳里，然后疯狂地旋转着撞向攻击者。,|cFFFFD200宠物对战：|r卡桑琅丛林,723,63293,0,656345,8,26,4,33,7,0
钻入雪丘深处以躲避掠食者。,|cFFFFD200宠物对战：|r昆莱山|n,724,63550,0,797544,7,26,4,33,7,0
偶尔从被体型较大动物杀死的尸体上偷些食物。,|cFFFFD200宠物对战：|r昆莱山|n,725,63551,0,797544,7,26,4,33,7,0
静止不动时，平原监视者会不断地前后摇动尾巴。远远看去，很像随风摆荡的高高杂草，使这种爬行动物能骗过空中掠食者的眼睛。,|cFFFFD200宠物对战：|r昆莱山|n,726,63547,0,463491,7,26,4,33,7,0
在大草原上有数不胜数的噬齿生物和其它小动物，但没什么能比老鼠更常见了。,|cFFFFD200宠物对战：|r昆莱山|n,727,59702,0,647701,4,26,4,6,7,0
只在强光下才肯产卵。,|cFFFFD200宠物对战：|r昆莱山,728,63585,0,250626,2,26,4,6,7,0
在古代传说中提到，多莱野兔本在星辰间跳跃，后来突因烦乱而坠下天穹，落入凡间。,|cFFFFD200宠物对战：|r昆莱山|n,729,63557,0,254857,4,26,4,6,7,0
多莱兔仔在年幼时就会被赶出窝巢，独立成长。,|cFFFFD200宠物对战：|r昆莱山|n,730,63558,0,254857,4,26,4,6,7,0
这些爬行动物身上长满了钩形鳞片，能在昆莱山的多岩山坡和险峻峭壁上攀爬自如。,|cFFFFD200宠物对战：|r昆莱山|n,731,63555,0,132211,7,26,4,6,7,0
众所周知，这种昆虫最喜爱雷雨天气，因此会在雨季繁衍。,|cFFFFD200宠物对战：|r恐惧废土|n|cFFFFD200宠物对战：|r螳螂高原,732,65187,0,236193,2,26,4,6,7,0
每到夜晚，草地欢跳者的疯狂歌声就会在夜空中回荡。那些无法习惯的人们在它们交配的歌声伴奏下度过了许多个不眠之夜。,|cFFFFD200宠物对战：|r螳螂高原,733,63549,0,646325,4,26,4,6,7,0
别看外表温和无害，猫鼬可是种危险的食肉动物，以擅长捕猎足以杀死更大猎物的毒蛇而著称。,|cFFFFD200宠物对战：|r螳螂高原|n,737,65190,0,237409,8,26,4,6,7,0
猫鼬幼崽喜欢待在高高的草丛间，只有妈妈才能找到它们。,|cFFFFD200宠物对战：|r螳螂高原|n,739,63954,0,237409,8,26,4,6,7,0
牦牛和老鼠之间的联结很是诡异，而至于老鼠能从这种共生关系中获得什么，则也是一个谜。,|cFFFFD200宠物对战：|r螳螂高原、恐惧废土|n,740,63957,0,134324,4,26,4,6,7,0
这些刺猬或许很安静，可却总能让那些踩中它们尖刺的蠢货们哭天喊地。,|cFFFFD200宠物对战：|r恐惧废土|n,741,64804,0,644001,7,26,4,6,7,0
槌球戏和火烈鸟什么的，刺猬最讨厌了。,|cFFFFD200宠物对战：|r恐惧废土|n,742,64242,0,644001,7,26,4,6,7,0
有人见过它们为争夺主要食物来源而与其他海螺厮打。,|cFFFFD200宠物对战：|r恐惧废土|n|n,743,64352,0,442735,4,26,4,6,7,0
恐惧废土的蟑螂都潜伏在阴影中。有人发誓阴影会跟着它们移动。,|cFFFFD200宠物对战：|r恐惧废土|n,744,64238,0,294474,4,26,4,6,7,0
它的甲壳以其独特的纹理和强度倍受首饰匠的喜爱。,|cFFFFD200宠物对战：|r恐惧废土|n,745,63548,0,132195,7,26,4,6,7,0
君王蟹得名于其庄严的外表：它们背上的纹路和举起的钳子很像一顶皇冠。可你要是想戴上它，它非把你的眼珠子夹出来不可。,|cFFFFD200宠物对战：|r恐惧废土|n,746,65203,0,2027883,8,26,4,6,7,0
周身散发冷光，用于吸引配偶。,|cFFFFD200宠物对战：|r锦绣谷|n,747,63850,0,236196,2,26,4,6,7,0
这种精致昆虫的翅膀经常被用来点缀服饰和盔甲。,|cFFFFD200宠物对战：|r锦绣谷|n,748,63838,0,236193,2,26,4,6,7,0
麝猫是水獭的陆生近亲，以浓郁的麝香而广受重视。,|cFFFFD200宠物对战：|r锦绣谷,749,63841,0,645906,8,26,4,6,7,0
众所周知，麝猫会疯狂地保护自己的幼崽。,|cFFFFD200宠物对战：|r锦绣谷,750,63842,0,645906,8,26,4,6,7,0
因其在水面飞掠时舞蹈般的姿势而得名，这种动物会通过飘忽不定地移动来使自己免于被鱼类和其它水下掠食者吞噬。,|cFFFFD200宠物对战：|r锦绣谷|n,751,63847,0,643423,8,26,4,6,7,0
尽管看似凶恶，这种黄腹牛蛙却有着恰如其分的名字。,|cFFFFD200宠物对战：|r锦绣谷|n,752,63849,0,237579,8,26,4,6,7,0
这种昆虫在雨季最为活跃，为雷雨所吸引。,|cFFFFD200宠物对战：|r翡翠林|n,753,65215,0,236193,2,26,4,6,7,0
这种昆虫被神殿的潜能所吸引，它们冷光熠熠的外表，为这蕴满力量之地更增添了几分神秘感。,|cFFFFD200宠物对战：|r翡翠林|n,754,65216,0,236196,2,26,4,6,7,0
这只蟑螂甲壳上的印记，和亡首十分相像。,|cFFFFD200宠物对战：|r海加尔山|n,755,62887,0,294474,4,26,4,6,7,0
更喜欢居住在黑暗的洞穴里，以心灵之花的花蜜为食。,|cFFFFD200宠物对战：|r深岩之洲|n,756,62916,0,236193,2,26,4,6,7,0
相传，这些充满活力的翡翠同伴能给主人带来好运，保他们旅途平安。,|cFFFFD200特殊：|riCoke中国活动,757,14755,23531,134157,1,16466,7,6,7,0
据说如果能在秋天见到，就能交上好运。一向对不熟悉的生物退避三舍。,|cFFFFD200特殊：|riCoke中国活动,758,14756,23530,134158,1,16466,7,6,7,0
一个体态优雅的生物，来自潘达利亚。,|cFFFFD200商人出售：|r奥黛丽·伯恩赫普、瓦佐克|n|cFFFFD200地区：|r暴风城、奥格瑞玛|n|cFFFFD200价格：|r50|TINTERFACE\MONEYFRAME\UI-SILVERICON.BLP:0|t,792,65314,127816,646586,2,2,2,6,7,0
,,800,65344,0,133718,7,57,-1,6,7,0
雷霆云端翔龙的缩小版，这是一种翱翔在遥远潘达利亚的强大翔龙。,,802,65313,127813,646018,1,16402,-1,6,7,0
如此可爱，如此神奇。,|cFFFFD200宠物对战：|r翡翠林|n|cFFFFD200声望：|r云端翔龙骑士团（崇拜）|n,817,65323,0,646018,1,26,4,6,7,0
烛龙的后裔，在永春台被煞魔彻底腐蚀前躲了起来。,|cFFFFD200宠物对战：|r翡翠林|n|cFFFFD200声望：|r云端翔龙骑士团（崇拜）,818,65324,0,652138,1,26,4,6,7,0
因为它是红色的，所以肯定飞得更快。,|cFFFFD200宠物对战：|r翡翠林|n|cFFFFD200声望：|r云端翔龙骑士团（崇拜）|n,819,65321,0,630863,1,26,4,6,7,0
众所周知，它以卡桑琅丛林的美味植物为食。,|cFFFFD200成就：|r专业宠物团|n|cFFFFD200分类：|r宠物对战,820,64232,127815,646325,4,82,4,6,7,0
它一直在盯着我看。我想它是想要咬我一口。,|cFFFFD200成就：|r需要更多绳套|n|cFFFFD200分类：|r收集,821,63621,124152,646445,0,82,5,6,7,0
这只凶猛的臭鼬能在三十码外朝攻击者喷臭气，使其暂时失明。一定要小心应对！,|cFFFFD200宠物对战：|r暮光高地,823,62907,0,463569,4,26,4,6,7,0
,,824,65829,0,618981,8,56,-1,6,7,0
,,825,65825,0,618972,7,56,-1,6,7,0
,,826,65826,0,618973,4,56,-1,6,7,0
,,827,65830,0,618974,1,56,-1,6,7,0
,,828,65831,0,618975,6,56,-1,6,7,0
,,829,65827,0,618976,2,56,-1,6,7,0
,,830,65828,0,618977,0,56,-1,6,7,0
,,831,65833,0,618978,5,56,-1,6,7,0
,,832,65832,0,618979,9,56,-1,6,7,0
,,833,65834,0,618980,3,56,-1,6,7,0
与更具野性的仆从相比，那些能为石头赋予生命的魔古巫师们更钟爱这些感官迟钝的小伙伴。,|cFFFFD200掉落：|r黑化者卡尔|n|cFFFFD200地区：|r恐惧废土|n|n,834,64634,126251,399041,6,2,0,6,7,0
对这么渺小可爱的小生物来说，广阔的世界里到处都是危险。,|cFFFFD200成就：|r林庭的草药之旅|n|cFFFFD200分类：|r地下城与团队副本,835,64632,126247,594273,0,82,4,6,7,0
水黾在锦鱼人的文化中占有重要地位，既是坐骑，也是传递信息的工具，甚至可以充当家养宠物。,|cFFFFD200掉落：|r纳拉什·沃登提斯|n|cFFFFD200地区：|r恐惧废土|n|n,836,64633,126249,133942,8,2,0,6,7,0
有冒险者声称看到过这种罕见的巨型翠绿页岩蛛，深岩之洲的住民们管它叫玉牙页岩蛛。,|cFFFFD200宠物对战：|r深岩之洲,837,62915,0,134397,6,26,4,6,7,0
成年的紫晶页岩蛛喜欢在深岩之洲的外墙上筑巢。,|cFFFFD200宠物对战：|r深岩之洲、凄凉之地,838,62182,0,134399,6,26,4,6,7,0
由一大堆看似毫不相干的齿轮、弹簧、电线和某个特殊的小配件拼凑而成，这只幼龙透过工程师的视角，体现着潘达利亚的精神。,|cFFFFD200专业技能：|r熊猫人之谜工程学,844,64899,126885,236473,9,2,3,6,7,0
天然玉石色彩斑斓，充满生命力，是制造这只温驯宠物的完美原料。据说它挥动翅膀时扇出的风能抚平不安的心绪。,|cFFFFD200专业技能：|r熊猫人之谜珠宝加工|n,845,61877,120501,133247,5,2,3,6,7,0
尽管每个宠物都是以同样的方式缔造的，但每颗宝石上的微瑕却能使其成为一个个具有独特性格的生命体。不过，它们通常总是活泼友好的。,|cFFFFD200专业技能：|r熊猫人之谜珠宝加工|n,846,61883,120507,133236,5,2,3,6,7,0
许多人（错误地）相信金鱼是没有记忆的。但它们的训练师很清楚不是这么回事，身上的瘀伤便是最好的证明。,|cFFFFD200任务：|r烧死他们|n|cFFFFD200地区：|r翡翠林,847,62829,122748,237309,8,2,1,6,7,0
这只兔子要比它看上去强大得多。,|cFFFFD200掉落：|r暗月兔子|n|cFFFFD200地区：|r暗月岛,848,59358,114090,237182,4,2,0,6,7,0
一只美丽的风筝，潘达利亚的铭文师为其赋予了生命力。,|cFFFFD200专业技能：|r熊猫人之谜铭文,849,66104,127008,604252,2,146,3,6,7,0
谁能想到铭文师会制作风筝？,|cFFFFD200专业技能：|r熊猫人之谜铭文,850,66105,127006,133840,2,146,3,6,7,0
它不仅迅如闪电，而且声如洪钟！,|cFFFFD200宠物对战：|r奥丹姆,851,62894,0,463491,7,26,4,33,7,0
奇怪的是，他竟然不喜欢苍蝇……对吧？,|cFFFFD200成就：|r需要大量宠物食品|n|cFFFFD200分类：|r收集,855,66491,130759,463540,6,82,5,6,7,0
多加小心，她有时候会活泼过头！,|cFFFFD200成就：|r该去开家宠物店了|n|cFFFFD200分类：|r宠物对战,856,66450,130726,254105,6,82,5,6,7,0
水灵特别淘气，经常在风暴烈酒酿造厂外的运河里恶作剧。,|cFFFFD200任务：|r熊猫人驭灵师|n|cFFFFD200地区：|r锦绣谷,868,66950,131590,656560,6,2,1,36,7,0
,,872,64335,0,136040,7,48,-1,6,7,0
,,873,64334,0,136040,7,48,-1,6,7,0
,,874,65659,0,647701,4,48,-1,6,7,0
,,875,65660,0,135996,2,48,1,6,7,0
,,876,65661,0,134065,9,48,-1,6,7,0
,,877,65668,0,254857,4,48,-1,6,7,0
,,878,66964,0,254857,4,48,-1,6,7,0
,,879,66965,0,254857,4,48,-1,6,7,0
,,880,65662,0,132196,7,48,4,6,7,0
,,881,65664,0,132196,7,48,-1,6,7,0
,,882,65665,0,132196,7,48,-1,6,7,0
,,883,66982,0,134134,5,48,-1,6,7,0
,,884,66983,0,132242,7,48,2,6,7,0
,,885,65677,0,651242,7,48,4,6,7,0
,,886,65675,0,136036,2,48,-1,6,7,0
,,887,65676,0,132921,2,48,0,6,7,0
,,888,66930,0,132834,0,48,7,6,7,0
,,889,66144,0,133570,4,48,-1,6,7,0
,,890,66145,0,463491,7,48,-1,6,7,0
,,891,66154,0,132242,7,48,-1,6,7,0
,,892,66155,0,132368,4,48,-1,6,7,0
,,893,66156,0,132368,7,48,-1,6,7,0
,,894,66329,0,236193,2,48,-1,6,7,0
,,895,66330,0,442735,4,48,-1,6,7,0
,,896,66331,0,132186,8,48,-1,6,7,0
,,897,66333,0,132196,7,48,-1,6,7,0
,,898,66334,0,463569,4,48,-1,6,7,0
,,899,66335,0,132211,7,48,-1,6,7,0
,,900,66375,0,464159,4,48,-1,6,7,0
,,901,66376,0,134395,6,48,-1,6,7,0
,,902,66377,0,237579,8,48,-1,6,7,0
爆虫是异虫大军中的自爆型单位，可造成惊人的伤害。近距离接触异常危险。,|cFFFFD200特殊：|r《星际争霸2：虫群之心》典藏版,903,66984,131650,656595,4,82,7,6,7,0
,,904,66361,0,656350,4,48,-1,6,7,0
,,905,66363,0,132211,7,48,-1,6,7,0
,,906,66364,0,132833,1,48,0,6,7,0
,,907,66427,0,134322,9,48,-1,6,7,0
,,908,66428,0,133883,9,48,8,6,7,0
,,909,66429,0,466036,9,48,-1,6,7,0
,,911,66438,0,134154,1,48,-1,6,7,0
,,912,66439,0,134154,1,48,-1,6,7,0
,,913,66966,0,134154,1,48,-1,6,7,0
,,915,66453,0,463491,7,48,-1,6,7,0
,,916,66454,0,134324,4,48,-1,6,7,0
,,917,66455,0,133570,4,48,-1,6,7,0
,,921,66443,0,136219,5,48,-1,6,7,0
,,922,66444,0,294482,5,48,6,6,7,0
,,923,66445,0,133861,9,48,-1,6,7,0
,,924,66414,0,236193,2,48,-1,6,7,0
,,925,66416,0,134971,5,48,-1,6,7,0
,,926,66417,0,134157,1,48,7,6,7,0
,,927,66468,0,132150,2,48,4,6,7,0
,,928,66469,0,132252,7,48,-1,6,7,0
,,929,66470,0,134155,1,48,0,6,7,0
,,931,66481,0,134437,5,48,-1,6,7,0
,,932,66482,0,651538,7,48,-1,6,7,0
,,933,66483,0,254857,4,48,-1,6,7,0
,,934,66485,0,132104,3,48,-1,6,7,0
,,935,66486,0,132196,7,48,-1,6,7,0
,,936,66487,0,648918,7,48,0,6,7,0
,,937,66488,0,134154,1,48,0,6,7,0
,,938,66489,0,134157,1,48,0,6,7,0
,,939,66490,0,134158,1,48,0,6,7,0
,,941,66492,0,132211,7,48,-1,6,7,0
,,942,66493,0,237579,8,48,-1,6,7,0
,,943,66494,0,236193,2,48,-1,6,7,0
,,944,66495,0,132186,6,48,-1,6,7,0
,,945,66496,0,237144,4,48,-1,6,7,0
,,946,66497,0,237146,2,48,1,6,7,0
,,947,66498,0,132123,3,48,4,6,7,0
,,948,66499,0,135128,3,48,7,6,7,0
,,949,66500,0,134015,6,48,6,6,7,0
,,950,66531,0,133712,9,48,-1,6,7,0
,,951,66532,0,387415,9,48,7,6,7,0
,,952,66533,0,134239,9,48,7,6,7,0
,,953,66534,0,134532,0,48,-1,6,7,0
,,954,66535,0,132197,5,48,6,6,7,0
,,955,66536,0,236196,2,48,-1,6,7,0
,,956,66537,0,134060,7,48,-1,6,7,0
,,957,66538,0,2126349,4,48,-1,6,7,0
,,958,66539,0,237579,8,48,-1,6,7,0
,,959,66540,0,656553,8,48,3,6,7,0
,,960,66541,0,656554,8,48,3,6,7,0
,,961,66542,0,132806,8,48,3,6,7,0
,,962,66543,0,134539,1,48,7,6,7,0
,,963,66544,0,135794,6,48,-1,6,7,0
,,964,66545,0,132849,5,48,2,6,7,0
,,965,66613,0,655866,8,48,-1,6,7,0
,,966,66614,0,250626,2,48,-1,6,7,0
,,967,66615,0,250626,2,48,-1,6,7,0
,,968,66616,0,133730,3,48,-1,6,7,0
,,969,66618,0,237272,3,48,6,6,7,0
,,970,66619,0,134555,3,48,-1,6,7,0
,,971,66620,0,134154,3,48,-1,6,7,0
,,972,66996,0,237441,3,48,7,6,7,0
,,973,66997,0,236233,1,48,0,6,7,0
,,974,66624,0,134324,4,48,-1,6,7,0
,,975,66626,0,134895,7,48,-1,6,7,0
,,976,66627,0,651538,7,48,-1,6,7,0
,,977,66628,0,133941,6,48,2,6,7,0
,,978,66629,0,132247,9,48,-1,6,7,0
,,979,66631,0,236243,7,48,2,6,7,0
,,980,66806,0,294474,4,48,-1,6,7,0
,,981,66807,0,463491,7,48,-1,6,7,0
,,982,66808,0,136116,5,48,-1,6,7,0
,,983,66802,0,399040,6,48,0,6,7,0
,,984,66804,0,237144,4,48,-1,6,7,0
,,985,66805,0,134396,6,48,-1,6,7,0
,,986,66809,0,132196,7,48,-1,6,7,0
,,987,66810,0,136199,5,48,-1,6,7,0
,,988,66811,0,464139,6,48,-1,6,7,0
,,989,66812,0,134936,4,48,-1,6,7,0
,,990,66813,0,236193,2,48,-1,6,7,0
,,991,66814,0,132211,7,48,-1,6,7,0
,,992,66709,0,133936,8,48,-1,6,7,0
,,993,66710,0,132211,7,48,-1,6,7,0
,,994,66711,0,236196,2,48,4,6,7,0
,,995,66715,0,648918,4,48,4,6,7,0
,,996,66716,0,646148,6,48,0,6,7,0
,,997,66718,0,133939,6,48,1,6,7,0
,,998,66712,0,648918,7,48,-1,6,7,0
,,999,66713,0,656345,8,48,4,6,7,0
,,1000,66714,0,236193,2,48,4,6,7,0
,,1001,66719,0,237397,7,48,4,6,7,0
,,1002,66720,0,254857,4,48,4,6,7,0
,,1003,66721,0,250626,2,48,4,6,7,0
,,1004,66923,0,133942,8,48,0,6,7,0
,,1005,66925,0,442735,4,48,4,6,7,0
,,1006,66926,0,135851,6,48,6,6,7,0
,,1007,66722,0,644001,7,48,4,6,7,0
,,1008,66723,0,399041,6,48,0,6,7,0
,,1009,66724,0,132186,8,48,4,6,7,0
,,1010,66725,0,645906,8,48,4,6,7,0
,,1011,66726,0,652138,1,48,4,6,7,0
,,1012,66728,0,646325,4,48,4,6,7,0
相传，神真子从前就是一只这样的海龙龟，后来越长越大，变成了迷踪岛。也许你的小海龟也能长成了不起的大家伙？,|cFFFFD200宠物对战：|r卡桑琅丛林|n|cFFFFD200事件：|r云游节,1013,67022,0,656342,8,26,4,34,7,0
这种飞蛾的幼虫以出产全艾泽拉斯最优质的丝绸而著称。,|cFFFFD200专业技能：|r熊猫人之谜裁缝（帝王丝绸）,1039,67230,132574,236193,2,2,3,6,7,0
这种胖嘟嘟的红色毛虫以出产全艾泽拉斯最优质的丝绸而著称。,|cFFFFD200专业技能：|r熊猫人之谜裁缝（帝王丝绸）|n,1040,67233,132580,648918,4,2,3,6,7,0
小心，它可能会吃光你所有的粮食！,|cFFFFD200任务：|r与阿烁的朋友关系达到崇拜|n|cFFFFD200地区：|r四风谷,1042,63370,123784,646325,4,26,1,6,7,0
大部分紫色的小森林陆行鸟都被斯塔姆·雷角做成了马戏团的口粮，但也有一小部分被驯养成了坐骑，或被喜欢紫色小宠物的冒险者买走。,|cFFFFD200商人出售：|r兰拉|n|cFFFFD200地区：|r暗月岛|n|cFFFFD200价格：|r90|TINTERFACE\ICONS\inv_misc_ticket_darkmoon_01:0|t,1061,67319,132762,132198,4,2,2,35,7,0
人们偶尔能在暗月岛扭曲的林木间瞥见它们一掠而过，它们诡异的绿光会令人联想到邪能烈焰。,|cFFFFD200宠物对战：|r暗月岛|n,1062,67329,0,1044485,2,26,4,6,7,0
现在就连欺骗的念头都不要有了。,|cFFFFD200掉落：|r 暗月宠物补给袋|n,1063,67332,132789,136155,5,2,0,39,7,0
,|n,1065,67384,0,136155,5,48,4,6,7,0
,,1066,67382,0,132159,7,48,4,6,7,0
,,1067,67383,0,133015,9,48,4,6,7,0
虽然比臭名昭著的吉尔尼斯渡鸦要小一些，但在智力和狡诈程度上毫不逊色。,|cFFFFD200宠物对战：|r偶尔在暗月岛上的战斗中与其它生物一起出现。,1068,67443,0,645217,2,26,4,6,7,0
塔吉是一只可爱又隐居避世的鱼人，相对于新朋友，她更喜欢和密友们在一起。,|cFFFFD200掉落：|r白色鱼人卵,1073,16445,28487,656558,0,82,0,6,7,0
一只淘气、喜欢喵喵叫的放火狂。千万别在不戴防火手套的情况下抚摸这些小猫！,|cFFFFD200游戏商城|r,1117,68267,134538,666530,6,82,9,6,7,0
虽然它看似和燃烬猫仔是远亲，但这两种生物其实并不是来自同一个祖先。,|cFFFFD200任务：|r熊猫人驭灵师|n|cFFFFD200地区：|r锦绣谷|n,1124,68466,134892,774324,6,2,1,36,7,0
这些古灵代表了潘达利亚元素力量的核心。,|cFFFFD200任务：|r熊猫人驭灵师|n|cFFFFD200地区：|r锦绣谷|n,1125,68467,134894,774322,6,2,1,36,7,0
只要家园不受到威胁，潘达利亚的元素都是既可爱又淘气的。,|cFFFFD200任务：|r熊猫人驭灵师|n|cFFFFD200地区：|r锦绣谷|n,1126,68468,134895,774323,6,2,1,36,7,0
它可以躲进最小的盒子里，这多亏了那灵体的本质。,|cFFFFD200特殊：|r2012上海战网世界锦标赛,1127,68502,132759,298591,5,16466,7,6,7,0
一只体型异常的土拨鼠。,|cFFFFD200宠物对战：|r卡桑琅丛林,1128,68506,0,645526,7,26,4,6,7,0
,,1129,68555,0,651538,4,1072,4,6,7,0
,,1130,68567,0,134153,1,48,4,6,7,0
,,1131,68568,0,236196,2,48,4,6,7,0
,,1132,68569,0,133922,8,48,4,6,7,0
,,1133,68570,0,643423,8,48,4,6,7,0
,,1134,68572,0,252178,5,48,4,6,7,0
,,1135,68575,0,236193,2,48,4,6,7,0
,,1136,68571,0,630863,1,48,4,6,7,0
,,1137,68573,0,648644,7,48,4,6,7,0
,|n|n,1138,68577,0,656560,6,48,1,6,7,0
,,1139,68580,0,774324,6,48,-1,6,7,0
,,1140,68579,0,774322,6,48,-1,6,7,0
,,1141,68578,0,774323,6,48,-1,6,7,0
制造它的目的有且仅有一个：尽可能地暴打小动物。,|cFFFFD200商人出售：|r奎肯布什|n|cFFFFD200地区：|r矿道地铁|n|cFFFFD200价格：|r500|TINTERFACE\MONEYFRAME\UI-GOLDICON.BLP:0|t|n|cFFFFD200声望：|r比兹莫搏击俱乐部，3级|n|n|cFFFFD200商人出售：|r保尔·诺斯|n|cFFFFD200地区：|r搏击竞技场|n|cFFFFD200价格：|r500|TINTERFACE\MONEYFRAME\UI-GOLDICON.BLP:0|t|cFFFFD200声望：|r搏击竞技场，3级,1142,68601,135156,134152,9,18,2,39,7,0
这些生物是在迈克斯纳巢穴后的一堆尘封的蛋中找到的，孵出来时就是亡灵了。,|cFFFFD200掉落：|r迈克斯纳|n|cFFFFD200地区：|r纳克萨玛斯,1143,68656,135254,134899,3,2,0,6,7,0
洛欧塞布的身体上布满了小坑，在风力配合的情况下，可以将凋零真菌的孢子散播到1000码以外的地方。,|cFFFFD200掉落：|r洛欧塞布|n|cFFFFD200地区：|r纳克萨玛斯,1144,68657,135255,571319,3,2,0,6,7,0
在纳克萨玛斯现存的严寒墓地中，比格沃斯先生迅速找到了一个能晒到太阳的温暖角落并美美地打了个盹。,|cFFFFD200成就：|r缰绳来袭|n|cFFFFD200分类：|r收集,1145,68655,135256,656579,3,82,5,6,7,0
当一队勇敢的冒险者杀死格拉斯后，在他的尸体上发现了这些啃咬巨大的亡灵骨架的小家伙。,|cFFFFD200掉落：|r格拉斯|n|cFFFFD200地区：|r纳克萨玛斯,1146,68654,135257,133718,3,2,0,6,7,0
随着拉格纳罗斯在火焰之地的惨败，这些熊熊燃烧的先驱已经很少见了。,|cFFFFD200掉落：|r萨弗隆先驱者|n|cFFFFD200地区：|r熔火之心,1147,68665,135258,132312,0,2,0,35,7,0
这些烈焰小鬼总是成群结队地在熔火之心中游荡，而且繁衍极其迅速。,|cFFFFD200掉落：|r玛格曼达|n|cFFFFD200地区：|r熔火之心,1149,68664,135259,136218,0,2,0,6,7,0
冷却的古雷曼格核心，似乎具有某种半智慧特征。,|cFFFFD200掉落：|r焚化者古雷曼格|n|cFFFFD200地区：|r熔火之心,1150,68666,135259,237011,6,2,0,39,7,0
一枚拉佐格尔的卵，奇迹般地在黑翼之巢中幸存了下来。,|cFFFFD200掉落：|r狂野的拉佐格尔|n|cFFFFD200地区：|r黑翼之巢,1151,68661,135263,236469,1,2,0,6,7,0
面对这个凶猛的多彩怪物时，它的敌人都祈祷它不要使用时间停止！,|cFFFFD200掉落：|r克洛玛古斯|n|cFFFFD200地区：|r黑翼之巢,1152,68662,135264,377270,1,2,0,6,7,0
娇小的黑爪龙人，用来守卫幼龙。,|cFFFFD200掉落：|r勒什雷尔|n|cFFFFD200地区：|r黑翼之巢,1153,68663,135265,236472,1,2,0,6,7,0
这个小水滴没能及时回到维希度斯体内重新聚合。,|cFFFFD200掉落：|r维希度斯|n|cFFFFD200地区：|r安其拉,1154,68660,135266,132108,5,2,0,6,7,0
来自安其拉神殿的阿努比萨斯人偶，体内灌注着远古其拉魔法。,|cFFFFD200掉落：|r维克洛尔大帝|n|cFFFFD200地区：|r安其拉,1155,68659,135267,134908,0,2,0,35,7,0
许多冒险者的克星，只要看看它的眼睛，你就会明白什么是真正的疯狂。,|cFFFFD200掉落：|r预言者斯克拉姆|n|cFFFFD200地区：|r安其拉,1156,68658,135268,134896,5,2,0,6,7,0
它们会越长越漂亮的。,|cFFFFD200宠物对战：|r北贫瘠之地,1157,68804,0,132921,0,26,4,6,7,0
经过当地人多年的捕杀，这种小家伙已经非常稀有了。,|cFFFFD200宠物对战：|r菲拉斯,1158,68805,0,458252,0,26,4,36,7,0
大部分人从没读过这本书。,|cFFFFD200宠物对战：|r希尔斯布莱德丘陵|n,1159,68806,0,133740,5,26,4,6,7,0
永远不要将你的眼睛移开。,|cFFFFD200宠物对战：|r 逆风小径|n,1160,68819,0,134416,5,26,4,39,7,0
你最好相信它对时间的把握。,|cFFFFD200宠物对战：|r时光之穴|n,1161,68820,0,298656,1,26,4,6,7,0
焊接小猫最初是在诺莫瑞根深处由工程师制造出来的，是现代工程学的奇迹。,|cFFFFD200宠物对战：|r诺莫瑞根|n,1162,68838,0,668552,9,26,4,6,7,0
永望镇的工程巫师制造了这种特殊的测试型号熊仔。不幸的是其中有一部分走失了而且再也没有被找回来。,|cFFFFD200宠物对战：|r冬泉谷|n,1163,68839,0,773096,9,26,4,6,7,0
这种型号的迅猛龙产于刀锋山。托什雷的基地附近经常能听到它们的机械怒吼。,|cFFFFD200宠物对战：|r刀锋山|n,1164,68841,0,774414,9,26,4,6,7,0
玛里苟斯的幼嗣，这些小龙因其无穷无尽的魔力而格外珍贵。,|cFFFFD200宠物对战：|r考达拉|n,1165,68845,0,797547,1,26,4,6,7,0
这种稀有的雪人原产于昆莱山，它们比看上去要危险得多。,|cFFFFD200宠物对战：|r昆莱山|n,1166,68846,0,797882,0,26,4,6,7,0
诺森德的海岸上到处都是这种漂亮的幼龙。,|cFFFFD200宠物对战：|r索拉查盆地|n,1167,68850,0,587740,1,26,4,34,7,0
霸波尔奔是全世界最稀有的鱼人品种之一。,|cFFFFD200特殊：|r韩国促销活动,1168,15361,25018,132834,0,16466,7,6,7,0
一本邪恶侵蚀的书卷，里面蕴藏着无比恐怖和诡异的秘密，书页散发着一种可怕的生命气息。是许多术士家中床头柜上的必备品。,|cFFFFD200集换式卡牌：|r守护者的背叛,1174,69208,136484,355498,5,2,8,33,7,0
这些啮齿类生物带有闪电之力，应该与它们保持安全距离。,|cFFFFD200宠物对战：|r雷神岛,1175,69648,0,796787,6,26,4,6,7,0
你能相信我有多可爱吗？连我自己都不相信。,|cFFFFD200任务：|r寓言之兽|n,1176,69649,137568,774009,7,82,1,6,7,0
本是沙粒，这些危险的生物能在转瞬间成形并消散。,|cFFFFD200掉落：|r雷电王座|n|n,1177,69748,137977,796636,6,2,0,6,7,0
这些小型构造体自诞生以来就忠于夺日者，威力不容小觑。,|cFFFFD200掉落：|r错乱的夺日者构造体|n|cFFFFD200地区：|r雷神岛,1178,69778,138082,838516,9,2,0,6,7,0
在它周身上下，从头至尾都有闪电在涌动。,|cFFFFD200宠物对战：|r雷神岛,1179,69794,0,801473,6,26,4,6,7,0
这只独特的迅猛龙出生在赞达拉岛屿上，随赞达拉大军一同来到了这里。,|cFFFFD200掉落：|r赞达拉恐龙统领|n|cFFFFD200地区：|r巨兽岛,1180,69796,138087,797325,7,2,0,6,7,0
这些蛇因能一口吞下侏儒而闻名。,|cFFFFD200宠物对战：|r雷神岛,1181,69818,0,801474,7,26,4,6,7,0
最好别去碰它。,|cFFFFD200宠物对战：|r雷神岛,1182,69819,0,804969,8,26,4,6,7,0
在雷电王座锻铸而成，这些小家伙效命于伟大的黑暗意志。,|cFFFFD200掉落：|r意志|n|cFFFFD200地区：|r雷电王座,1183,69820,138161,838812,9,2,0,6,7,0
即便体型如此娇小，恐角龙也能给疏于防范的目标造成毁灭。,|cFFFFD200成就：|r野蛮宠物格斗家|n|cFFFFD200分类：|r战斗,1184,69849,138287,840541,7,82,5,6,7,0
这玩意儿让你觉得有些眼熟……,|cFFFFD200任务：|r一大堆巨型恐龙骨骼|n|cFFFFD200地区：|r巨兽岛,1185,69848,138285,838549,5,2,1,6,7,0
,,1187,68558,0,644001,7,1072,4,6,7,0
,,1188,68559,0,645906,8,1072,4,6,7,0
,,1189,68560,0,646378,7,1072,4,6,7,0
,,1190,68561,0,646325,4,1072,4,6,7,0
,,1191,68562,0,133936,8,1072,4,6,7,0
,,1192,68563,0,237398,7,1072,4,6,7,0
,,1193,68564,0,633440,8,1072,4,6,7,0
,,1194,68565,0,646059,4,1072,4,6,7,0
,,1195,68566,0,643423,8,1072,4,6,7,0
这些可爱的淘气鬼喜欢晒太阳，在太阳底下睡大觉，或是在阳光下打盹。,|cFFFFD200任务：|r寓言之兽|n,1196,69891,138380,774009,7,2,1,6,7,0
雪色小熊猫的雪白皮毛，让它能和昆莱山的皑皑白雪融为一体。,|cFFFFD200任务：|r寓言之兽|n,1197,69893,138381,838693,7,2,1,6,7,0
作为雪色小熊猫的表亲，高山小熊猫住在昆莱山的较低区域。,|cFFFFD200任务：|r寓言之兽|n,1198,69892,138382,838691,7,2,1,6,7,0
不要抚摸尖的那一头。注意：全身上下都是尖的。,|cFFFFD200掉落：|r赫利东|n|cFFFFD200地区：|r雷电王座,1200,70083,138825,840540,7,2,0,6,7,0
有些熊猫人认为，格纳瑟斯是一名留下来守护雷神岛以南水域的古老赞达拉神灵。,|cFFFFD200掉落：|r格纳瑟斯|n|cFFFFD200地区：|r螳螂高原,1201,70098,138913,133898,8,2,0,6,7,0
作为古老凤凰的致命子嗣，季鹍雏凤在许多种族的文化中都是无比神圣的。,|cFFFFD200掉落：|r季鹍|n|cFFFFD200地区：|r雷电王座,1202,70144,139148,838694,2,2,0,6,7,0
这些金属和螺栓下包裹着每个厨师的梦想。可惜他烹制的东西并不合人形生物的胃口。从贾德的日记来看，他打算为他的朋友——艾米丽·科尔制作这个小家伙。,|cFFFFD200专业技能：|r熊猫人之谜工程学|n,1204,70082,138824,798062,9,2,3,6,7,0
赞达拉巨魔培育出了一种特殊的恐角龙，体型小巧，便于骑乘。,|cFFFFD200掉落：|r恐角龙|n|cFFFFD200地区：|r巨兽岛|n,1205,70154,139153,840542,7,2,0,6,7,0
这些鱼身上的红色鳞片会让螳螂高原和恐惧废土的掠食者望而生畏，害怕肉里有毒。专注的渔人有时能和某一只建立好感。,|cFFFFD200专业技能：|r 熊猫人之谜钓鱼,1206,70257,139361,850139,8,2,3,6,7,0
这些小家伙生活在永恒岛的水域中，或是在珍宝斑马鱼和红腹鳜鱼附近游动。专注的渔人有时能和某一只建立好感。,|cFFFFD200专业技能：|r 熊猫人之谜钓鱼,1207,70258,139362,850137,8,2,3,6,7,0
人们相信，这种绿色小金鱼的绿皮肤和条纹，让他们在翡翠林、四风谷和卡桑琅丛林的水域中穿梭时好似身穿天然迷彩装。专注的渔人有时能和某一只建立好感。,|cFFFFD200专业技能：|r 熊猫人之谜钓鱼,1208,70259,139363,850138,8,2,3,6,7,0
这些适应性极强的鱼类能在各种气候环境下存活下来，从冰雪覆盖的昆莱山到潘达利亚各地温暖的咸水水域。专注的渔人有时能和某一只建立好感。,|cFFFFD200专业技能：|r 熊猫人之谜钓鱼|n,1209,70260,139365,850140,8,2,3,6,7,0
这些赞达拉巨魔的小兵们擅长躲在赞达拉巨型战船的货箱里完成偷渡。,|cFFFFD200掉落：|r赞达拉恐龙统领|n|cFFFFD200地区：|r巨兽岛,1211,70451,139932,797326,7,2,0,6,7,0
即便只有这么大，这些迅猛龙也能在十秒之内把一整只奶牛开膛破肚。,|cFFFFD200掉落：|r赞达拉恐龙统领|n|cFFFFD200地区：|r巨兽岛,1212,70452,139933,797327,7,2,0,6,7,0
这些可爱的野兽既惹人喜爱又让人不禁想去拥抱它们，前提是你不在乎面子问题。,|cFFFFD200掉落：|r赞达拉恐龙统领|n|cFFFFD200地区：|r巨兽岛,1213,70453,139934,797328,7,2,0,6,7,0
大灰狼经常被人忘记的后代，躲在一篮子甜食里狼吞虎咽，呼呼大睡。,|cFFFFD200掉落：|r大灰狼|n|cFFFFD200地区：|r卡拉赞,1226,71014,141433,463876,0,2,0,6,7,0
主要职责包括打扫麦迪文的众多魔法神器，在莫罗斯之前，不少看管者都为此献出了生命、心智或身体。,|cFFFFD200掉落：|r馆长|n|cFFFFD200地区：|r卡拉赞,1227,71015,141434,236513,9,2,0,6,7,0
在离开虚空异界时，玛克扎尔的深渊魔被卡拉赞的魔法结界诡异地扭曲了，体型变得微小，不易自动爆发烈焰。,|cFFFFD200掉落：|r玛克扎尔王子|n|cFFFFD200地区：|r卡拉赞,1228,71016,141435,615096,5,2,0,6,7,0
这只狡猾的小鬼是特雷斯坦·邪蹄的仆从，当通往扭曲虚空的传送门在它身后关闭时，它被留在了卡拉赞。,|cFFFFD200掉落：|r特雷斯坦·邪蹄|n|cFFFFD200地区：|r卡拉赞,1229,71033,141451,460856,0,2,0,6,7,0
艾泽拉斯科研团体的惊人发现，这些科研人员长久以来总是习惯在酒馆里陷入沉思，思考年幼的海巨人会是什么样子。,|cFFFFD200掉落：|r莫洛格里·踏潮者|n|cFFFFD200地区：|r毒蛇神殿,1230,71017,141436,443382,8,2,0,6,7,0
海度斯的后代，被元素界视作“泥浆伯爵”。,|cFFFFD200掉落：|r不稳定的海度斯|n|cFFFFD200地区：|r毒蛇神殿,1231,71018,141437,136030,6,2,0,6,7,0
没人知道瓦丝琪究竟是怎么给这些沼泽阔步者灌注了扭曲心智的力量，尽管这只生物年纪还小，却已经显露出了强大的灵魂能力。,|cFFFFD200掉落：|r瓦丝琪|n|cFFFFD200地区：|r毒蛇神殿,1232,71019,141446,254502,5,131074,0,36,7,0
由强大的污染者阿克蒙德经由扭曲虚空派遣而来，用其中等强度的跺地声来惊吓弱小的种族。,|cFFFFD200掉落：|r空灵机甲|n|cFFFFD200地区：|r风暴要塞|n|n,1233,71020,141447,466089,9,2,0,6,7,0
虚空召唤者携带的灯笼架起了连接人间与鬼域的桥梁，而且总能吸引到任性的鬼灵与幽魂。,|cFFFFD200掉落：|r大星术师索兰莉安|n|cFFFFD200地区：|r风暴要塞|n,1234,71021,141448,538447,5,131074,0,6,7,0
这些色彩明艳的龙鹰能在魔眼四周的虚空风暴间，迅速准确地运送凯尔萨斯的军队。,|cFFFFD200掉落：|r奥|n|cFFFFD200地区：|r风暴要塞|n,1235,71022,141449,132188,1,2,0,6,7,0
虽然擅长舞台指导，但每当托托与胆小的狮子四目相接继而在卡拉赞歌剧院里大肆追逐时，演出还是会不止一次地中断。,|cFFFFD200成就：|r缰绳来袭II：钥匙的远征|n|cFFFFD200分类：|r收集,1236,71023,141450,133695,7,82,5,6,7,0
巨魔在召唤多头蛇方面有着悠久显赫的历史。尽管加兹洛奇并不是体型最大或最强壮的多头蛇，但要是你靠得太近，它还是会相当大力地咬断你的手指头。,|cFFFFD200商人出售：|r拉薇卡|n|cFFFFD200地区：|r杜隆塔尔|n|cFFFFD200价格：|r1|TINTERFACE\ICONS\inv_drink_31_embalmingfluid:0|t|n|n|cFFFFD200商人出售：|r塔努奇|n|cFFFFD200地区：|r杜隆塔尔|n|cFFFFD200价格：|r1|TINTERFACE\ICONS\inv_drink_31_embalmingfluid:0|t,1237,71159,141789,463493,8,2,2,34,7,0
只有在征服了高贵的生物后，瓦格里才算是完成了“成人礼”。,|cFFFFD200宠物对战：|r诺森德,1238,71163,0,851119,3,131098,4,6,7,0
普利莫修斯房间内的黑水池在魔古覆亡后变得污浊不堪，阴暗的思想开始升腾。,|cFFFFD200掉落：|r普利莫修斯|n|cFFFFD200地区：|r雷电王座|n|cFFFFD200难度：|r随机团队|n,1243,71199,142028,237513,5,2,0,33,7,0
这些邪恶的软泥怪对普利莫修斯的信息素信号极为敏感。,|cFFFFD200掉落：|r普利莫修斯|n|cFFFFD200地区：|r雷电王座|n|cFFFFD200难度：|r普通或英雄|n,1244,71200,142029,576309,5,2,0,33,7,0
强烈建议战斗宠物训练师在与这种肮脏的小泥团戏耍过后，至少洗三十分钟手。,|cFFFFD200掉落：|r颤栗污泥怪,1245,71201,142030,576313,5,2,0,33,7,0
,,1247,71438,0,327502,8,1072,-1,6,7,0
这棵萌生新芽的古树是艾泽拉斯的独特树种，由符印巨树的长青枝桠嫁接而成，一年四季都花开满枝。,|cFFFFD200游戏商城|r|n,1248,71488,142880,874857,6,82,9,35,7,0
作为臭名昭著的星灵厉害角色，泽拉达尔也是唯一能够使用灵能风暴的执政官，拥有着压倒性的力量！,|cFFFFD200特殊：|r《星际争霸2：虚空之遗》典藏版|n,1255,71655,143637,1125916,5,131154,7,6,7,0
这个小家伙似乎喜欢在大灾变事件的边缘游走。但并没有任何证据表明，他跟这些事件的起因有什么关联——他也许只是个旁观者，又或许只是在去往其它地方的艰苦旅途中迷了路。,|cFFFFD200专业技能：|r 熊猫人之谜工程学|n,1256,71693,143703,876476,9,2,3,6,7,0
可能会失控，然后杀死某个倒霉鬼。,|cFFFFD200掉落：|r开发人员|n,1257,71700,143732,618977,0,34,0,6,7,0
,,1258,71816,0,648803,3,48,2,6,7,0
,,1259,71844,0,132196,7,48,-1,6,7,0
凶猛而又忠诚的雪福喜欢在月光下狩猎。它有一次在满月的夜晚杀死并吃下了一整只铁鬃公牛，然后睡了两天两夜。,|cFFFFD200商人出售：|r天神比武大会,1266,71942,145696,877410,7,82,2,6,7,0
,,1267,72009,0,877410,7,1072,-1,6,7,0
,,1268,72053,0,840541,7,48,-1,6,7,0
,,1269,72054,0,516665,2,48,-1,6,7,0
,,1271,72055,0,132847,5,48,-1,6,7,0
月牙的幼崽都会成长为体型硕大、口水横流的黑毛杀戮机器……然而月月是个例外。,|cFFFFD200掉落：|r月牙|n|cFFFFD200地区：|r暗月岛,1276,72160,144761,538568,7,2,0,34,7,0
,,1277,72100,0,133015,9,48,-1,6,7,0
,,1278,72098,0,136024,6,48,-1,6,7,0
,,1279,72099,0,133784,4,48,-1,6,7,0
,,1280,72103,0,669467,6,48,-1,6,7,0
,,1281,72102,0,646325,4,48,-1,6,7,0
,,1282,72101,0,646378,7,48,-1,6,7,0
,,1283,72105,0,652138,1,48,-1,6,7,0
,,1284,72104,0,655994,5,48,-1,6,7,0
,,1285,72106,0,132150,2,48,-1,6,7,0
,,1286,71898,0,132266,7,48,-1,6,7,0
,,1287,72097,0,668552,9,48,-1,6,7,0
,,1288,71897,0,797882,0,48,-1,6,7,0
,,1289,72109,0,254857,4,48,-1,6,7,0
,,1290,72108,0,645906,8,48,-1,6,7,0
,,1291,72107,0,646059,3,48,-1,6,7,0
,,1292,72110,0,574570,0,48,-1,6,7,0
,,1293,72111,0,574570,0,48,-1,6,7,0
,,1295,72112,0,574570,0,48,-1,6,7,0
,,1296,72113,0,633440,8,48,-1,6,7,0
,,1297,72114,0,135862,6,48,-1,6,7,0
,,1298,72115,0,893779,5,48,-1,6,7,0
,,1299,72118,0,237441,3,48,-1,6,7,0
,,1300,72116,0,441880,1,48,-1,6,7,0
,,1301,72117,0,134158,1,48,-1,6,7,0
赤芝试图通过大声尖叫和追赶吞食蝴蝶来激起别人心中的希望。,|cFFFFD200商人出售：|r李大师|n|cFFFFD200地区：|r永恒岛|n|cFFFFD200价格：|r3|TINTERFACE\ICONS\INV_MISC_TRINKETPANDA_07:0|t,1303,72462,145697,877514,2,82,2,6,7,0
一位雕刻大师出于对玉珑的喜爱和崇敬，耗尽毕生精力制作出了这个美丽绝伦的雕像。当雕刻家辞世后，玉珑将自己的一小部分精华吹进了雕像里，为玉兰赋予了生命。,|cFFFFD200商人出售：|r李大师|n|cFFFFD200地区：|r永恒岛|n|cFFFFD200价格：|r3|TINTERFACE\ICONS\INV_MISC_TRINKETPANDA_07:0|t,1304,72463,145698,877408,1,82,2,6,7,0
皂皂总是俯身低头，目光炯炯地望向前方，密切留意着可能发生的战斗或鲜美的青草。,|cFFFFD200商人出售：|r天神比武大会,1305,72464,145699,900317,7,82,2,6,7,0
,,1311,72285,0,877514,2,1072,-1,6,7,0
,,1317,72291,0,877408,1,1072,-1,6,7,0
,,1319,72290,0,900317,7,1072,-1,6,7,0
这个帅气的小机器人与他的“爸爸”布林顿4000几乎是一个模子里刻出来的。鉴于只有在最大规格的布林顿机器人体内才具有决定其慷慨品格的电路，这个小家伙可不会给你什么免费赠品。,|cFFFFD200掉落：|r布林顿礼盒|n,1320,73011,147124,773178,9,2,0,39,7,0
永恒岛上的雏鹤有时候会吟唱一支奇怪的曲子，能够舒缓神经，安抚灵魂。,|cFFFFD200掉落：|r鹤巢|n|cFFFFD200地区：|r永恒岛,1321,73534,0,646586,2,2,0,6,7,0
它是诞生于地下堡垒的第一个小炸弹人，攻城匠师黑索不忍心将它摧毁，把它当成了一个友好而具有爆炸性的宠物。,|cFFFFD200掉落：|r攻城匠师黑索|n|cFFFFD200团队副本：|r决战奥格瑞玛,1322,73352,15048,897633,9,2,0,6,7,0
永恒岛上的灰叶林精不知疲倦地保护着岛上的植物，使其免于被斡耳朵斯及其爪牙熊熊燃烧的怒火吞噬。,|cFFFFD200掉落：|r剪叶者|n|cFFFFD200地区：|r永恒岛|n,1323,73533,148046,136021,0,2,0,41,7,0
锦鱼人刺客将这只飞蛾带在身边，既能充当随身诱饵，又能作为光源，在敌人的护甲上找出薄弱点。,|cFFFFD200宠物对战：|r永恒岛|n,1324,73542,148068,236193,2,26,4,6,7,0
小猫和其它好奇的小动物常常会和这只飞蛾玩上一小会儿，结果给自己留下满脸焦毛。,|cFFFFD200宠物对战：|r永恒岛|n,1325,73543,148069,236193,2,26,4,6,7,0
人们有时候会发现这只古怪的飞蛾正在打断某位云游法师或术士的法术。,|cFFFFD200宠物对战：|r永恒岛|n,1326,73368,148065,236193,2,26,4,6,7,0
红玉湖的湖水呈现出一种怪异的微红色彩，可能和在永恒岛深山中发现的红宝石晶体有关。,|cFFFFD200掉落：|r加尼亚|n|cFFFFD200地区：|r永恒岛,1328,73356,138161,669468,6,131074,0,36,7,0
除了对鲜花着迷外，嬉闹者还会随着摇曳的草叶和偶生的杂草翩翩起舞。,|cFFFFD200掉落：|r惊悚之灵|n|cFFFFD200地区：|r永恒岛|n,1329,73532,148051,348547,0,2,0,41,7,0
在生命后期，如果环境条件适合的话，致死蝰蛇会蜕去表皮，变成一条帝王巨蟒。,|cFFFFD200掉落：|r帝王巨蟒|n|cFFFFD200掉落：|r永恒岛,1330,73364,148052,801475,7,2,0,6,7,0
亚煞极的少许残余力量催生出了煞魔，亚煞极的一滴脓水就能将数千码内的情绪状态放大，使整座城镇因恐惧或怀疑而离群隐世。,|cFFFFD200掉落：|r傲之煞|n|cFFFFD200团队副本：|r决战奥格瑞玛|n|cFFFFD200难度：|r弹性、普通或英雄,1331,73350,148058,132851,6,131074,0,6,7,0
小煞魔能够反映出主人的情绪状态，会根据周边负面思绪的强弱程度而变得焦躁、沮丧、恐惧或多疑。,|cFFFFD200掉落：|r傲之煞|n|cFFFFD200团队副本：|r决战奥格瑞玛|n|cFFFFD200难度：|r随机和弹性,1332,73351,148059,651085,6,131074,0,6,7,0
永恒岛上的翠雾舞者对西北海岸的汽孔颇感兴趣。,|cFFFFD200掉落：|r翠雾舞者|n|cFFFFD200地区：|r永恒岛,1333,73355,148060,656560,6,131074,0,36,7,0
科沃克是恐惧废土的微小恐惧体，饮食习惯一成不变，酷爱食“脑”——穆山兽脑、人脑……对任何脑都来者不拒。这种诡异的营养需求也许和他巨大的脑袋稍有联系。,|cFFFFD200掉落：|r卡拉克西英杰|n|cFFFFD200团队副本：|r决战奥格瑞玛|n,1334,73354,148061,624010,7,2,0,6,7,0
孤魂岩洞中的诡异蓝焰已经引得众多疏于防范的冒险者送了命。,|cFFFFD200掉落：|r恶兆之火|n|cFFFFD200地区：|r永恒岛|n|n,1335,73357,148551,135777,6,131074,0,36,7,0
当老酒湾在数个世代以前遭到斡耳朵野牛人的入侵时，村民们勇敢地在村子中央竖起了一个酒桶。第二天一早，庆典的热度消退后，宿醉未醒的野牛人稀里糊涂地签下了和平条约。,|cFFFFD200掉落：|r泛酸的筑汞|n|cFFFFD200地区：|r永恒岛|n|n,1336,73367,148063,669467,6,131074,0,36,7,0
潘达利亚的钳爪蟹已经存活了数千年之久，是这片大陆上最为古老的物种之一。,|cFFFFD200掉落：|r凶暴钳爪蟹|n|cFFFFD200地区：|r永恒岛|n,1337,73366,148066,132186,8,2,0,6,7,0
永恒岛上的巨口蛙能吃掉大于自身体型数倍的猎物，它们可以通过一滩剧毒黏液，将受害者在体外缓慢地消化掉。,|cFFFFD200掉落：|r布佛|n|cFFFFD200地区：|r永恒岛,1338,73359,148067,804966,8,2,0,6,7,0
,,1339,73627,0,896625,7,1072,-1,6,7,0
有些年幼且野性难驯的猢狲从小就被训练使用拳击手套，这样他们便不会误杀自己的族人，更为重要的是，还可以防止他们挖鼻孔。,|cFFFFD200掉落：|r库库鲁的宝箱|n|cFFFFD200地区：|r永恒岛,1343,73668,148373,877482,0,2,0,6,7,0
这家伙是永恒岛在时空转移时被留在岛上的野兽之一，很有可能是斡耳朵野牛人献给自己的半神斡耳朵斯的。,|cFFFFD200商人出售：|r发言人古兰|n|cFFFFD200地区：|r永恒岛,1344,73688,148427,838551,7,2,2,6,7,0
古赤的蚕宝宝能吐出一种古老且异常强大的丝线，这种丝线在潘达利亚已经消失多年了。,|cFFFFD200掉落：|r虫群先锋古赤|n|cFFFFD200地区：|r永恒岛,1345,73730,148527,648918,4,2,0,6,7,0
这些灵魂因长时间接触少昊的宁静之雾而变得平心静气，已经成为织雾者身边平静的伙伴。,|cFFFFD200商人出售：|r织雾者顾严|n|cFFFFD200地区：|r永恒岛|n|cFFFFD200声望：|r少昊 - 践行者,1346,73732,148530,838550,5,2,2,6,7,0
玉火之灵被认为是玉珑自身玉火吐息的活体化身。,|cFFFFD200掉落：|r玉火之灵|n|cFFFFD200地区：|r永恒岛|n|n,1348,73738,148552,135794,6,131074,0,36,7,0
厌倦了长时低薪的工作，并且不愿再忍受冒险者对劣质冬幕节礼物无休止的抱怨，这些淘气的小家伙逃出了它们的魔法工作间，和讨厌的格林奇走到了一起。,|cFFFFD200世界事件：|r冬幕节|n,1349,73741,148567,134144,0,131074,1,39,7,0
风筝里的一支蜡烛燃热了空气，使其可以在无风的情况下升上高空。,|cFFFFD200商人出售：|r莫苦|n|cFFFFD200地区：|r永恒岛,1350,73809,148684,645352,2,146,2,36,7,0
异想天开的亡者鬼魂为这些被附身的小傀儡赋予了有如生者的外表。,|cFFFFD200世界事件：|r悼念日,1351,34770,66175,237272,3,2,6,40,7,0
,,1352,444,0,135997,7,49,-1,6,7,0
,,1354,73977,0,254109,9,1072,-1,6,7,0
身为营救类獒犬，奥特兰克负酒犬的血统以搜救被大雪掩埋的登山客而著称……当然它们那流不完的哈喇子也颇有名声。,|cFFFFD200游戏商城|r,1363,74402,149787,930453,7,82,9,6,7,0
"圣教威名传万古，
亦善征战亦善舞。
朝夕演兵军歌扬，
此阵世间何人睹。",|cFFFFD200特殊：|r2013年暴雪嘉年华,1364,74405,149792,615479,0,82,7,6,7,0
看好你的钱包。,|cFFFFD200特殊：|r《暗黑破坏神3：夺魂之镰》典藏版,1365,74413,149810,370211,0,82,7,6,7,0
强大的霍格斯既顽强又可怕，会毫不犹豫地消灭弱小的敌人。,|cFFFFD200成就：|r我打！|n|cFFFFD200分类：|r暗月马戏团,1384,76873,170267,134163,0,82,5,6,7,0
这头可怕的奇美拉的两个脑袋都一样可怕，每个脑袋都能单独发起特殊的吐息攻击。,|cFFFFD200任务：|r德拉诺宠物博览|n,1385,77021,0,236190,1,2,1,6,7,0
黑暗之翼会湮没并吞噬弱者的心智，因为它们实在是太可爱了！,|cFFFFD200特殊：|r“德拉诺之王”典藏版,1386,77137,155748,952507,2,82,7,6,7,0
这把巨大的毁灭性武器被缩小了，供人们在花园里使用。鼹鼠们要小心了！,|cFFFFD200任务：|r向国王报告（联盟），警告酋长（部落）|n|cFFFFD200地区：|r诅咒之地（90+）|n,1387,77221,155838,892829,9,2,1,6,7,0
凭借黑暗魔法和一腔热爱之情，用落败战斗宠物的零碎残骸制成。,|cFFFFD200任务：|r德拉诺宠物博览|n,1394,78421,0,136118,3,2,1,6,7,0
可爱到令人食欲大开，但不推荐这么做。,|cFFFFD200专业技能：|r 德拉诺之王烹饪,1395,78895,25162,134062,5,2,3,33,7,0
如果放任不管，胡萝卜绝对会失去理智。,|cFFFFD200商人出售：|r娜隆·蓟蕾|n|cFFFFD200地区：|r坠落之月|n|cFFFFD200价格：|r1000|TINTERFACE\ICONS\INV_FARM_PUMPKINSEED_YELLOW.BLP:0|t|n|n|cFFFFD200商人出售：|r塔农|n|cFFFFD200地区：|r霜寒晶壁|n|cFFFFD200价格：|r1000|TINTERFACE\ICONS\INV_FARM_PUMPKINSEED_YELLOW.BLP:0|t,1396,79039,159581,134010,6,2,2,36,7,0
,,1400,79180,0,132787,5,48,-1,6,7,0
,,1401,79181,53082,135277,0,48,-1,6,7,0
,,1402,79182,149810,370211,0,34,-1,6,7,0
吱吱！,|cFFFFD200专业技能：|r德拉诺之王工程学,1403,79410,160403,132598,2,2,3,6,7,0
,,1409,79751,0,877477,3,1074,-1,6,7,0
,,1410,80017,161522,237293,9,32,-1,6,7,0
在坟墓上通常会放置一根雄孔雀羽毛，来避免邪灵的侵入。,|cFFFFD200成就：|r德拉诺猎人|n,1411,80101,161643,667691,2,82,5,6,7,0
在频频有人抱怨说驯服年幼的野猪是件苦差事后，工程师们设计出了这个栩栩如生到吓人的模型，解决了这个难题。,|cFFFFD200专业技能：|r德拉诺之王工程学,1412,80329,162135,463878,9,2,3,6,7,0
别看恐爪鸟是毛茸茸的小家伙，却是强大的猎手。,|cFFFFD200掉落：|r恐爪鸟巢穴|n|cFFFFD200地区：|r塔拉多,1416,81431,164212,132921,2,2,0,6,7,0
,,1420,81594,0,132196,7,48,-1,6,7,0
,,1423,82406,0,797325,7,34,-1,6,7,0
,,1424,82407,0,134152,9,34,-1,6,7,0
这只可爱的小象随时随地都在等着你。,|cFFFFD200专业技能：|r德拉诺之王裁缝|n,1426,82464,166071,1044082,5,2,3,33,7,0
尽管恼人而又破坏力十足，但在足够多奶酪的引诱下，却能变成听话的小伙伴。,|cFFFFD200宠物对战：|r霜火岭,1427,82715,0,134324,4,26,4,6,7,0
僵尸龙虾人是邪恶的化身，是某个因隔绝而发狂的人犯下的大错，是不可消除的创造物。,|cFFFFD200掉落：|r复生的黑潮骨壳者，黑潮硬壳者|n|cFFFFD200地区：|r影月谷|n,1428,83562,0,134048,3,2,0,6,7,0
从种子生长为花朵，小小的恐惧在滋长。,|cFFFFD200商人出售：|r达姆斯|n|cFFFFD200地区：|r达拉然|n|cFFFFD200价格：|r100|Hitem:163036|h|TInterface\ICONS\INV_Currency_PetBattle.BLP:0|t|h,1429,83584,167389,960698,6,2,2,38,7,0
从种子生长为花朵，小小的恐惧在滋长。,|cFFFFD200商人出售：|r奎拉克斯·刀索|n|cFFFFD200阵营：|r热砂保护协会 - 崇敬|n|cFFFFD200价格：|r1000|TINTERFACE\MONEYFRAME\UI-GOLDICON.BLP:0|t,1430,83583,167390,960698,6,2,2,38,7,0
从种子生长为花朵，小小的恐惧在滋长。,,1431,83589,167392,960698,6,34,-1,38,7,0
从种子生长为花朵，小小的恐惧在滋长。,|cFFFFD200专业技能：|r德拉诺之王草药学,1432,83594,167394,960698,6,2,3,38,7,0
从种子生长为花朵，小小的恐惧在滋长。,,1433,83592,167395,960698,6,34,-1,38,7,0
从种子生长为花朵，小小的恐惧在滋长。,|cFFFFD200任务：|r德拉诺宠物博览,1434,83588,167397,960698,6,2,1,38,7,0
许多年前，一名食人魔试图把一只厚皮小牛的牛皮加工成用脚踢的皮球。在那之后，他就只能顶着“一只脚”的绰号过活了。,|cFFFFD200宠物对战：|r纳格兰,1435,89198,0,134060,7,26,4,6,7,0
兽人的孩子们有个传统，他们会溜到泥浆跳跃者背上，小声说出一个希望能够成真的秘密心愿。如果泥浆跳跃者没跳起来的话，心愿就会实现。,|cFFFFD200宠物对战：|r至高岭，纳格兰，阿兰卡峰林，塔拉多|n,1441,83642,0,804968,8,26,4,6,7,0
作为顽固派的终极代表，这只曾经活过的母山羊坚决不肯死去。,|cFFFFD200任务：|r德拉诺宠物博览,1442,83817,0,877477,3,2,1,35,7,0
,,1443,83839,0,516666,3,48,-1,6,7,0
,,1444,83836,0,971286,5,50,-1,6,7,0
小雷象聪明而富有爱心的性情，使其成为可靠的终身伙伴。,|cFFFFD200任务：|r新的幼崽|n|cFFFFD200地区：|r纳格兰（德拉诺）,1446,84330,168668,656599,7,2,2,6,7,0
月壳蟹的壳有着极强的反光特性，可以捡起来当作镜子使用。别被它们的蟹钳抓破脸就好！,|cFFFFD200宠物对战：|r影月谷,1447,82045,0,2027885,8,26,4,6,7,0
这只海牛对平衡的东西有着与生俱来的青睐。,|cFFFFD200专业技能：|r德拉诺之王钓鱼|n|cFFFFD200商人出售：|r纳特·帕格|n|cFFFFD200地区：|r要塞，渔夫小屋|n|cFFFFD200价格：|r50|Tinterface\icons\inv_misc_coin_19.blp:0|t,1448,84441,168977,134480,8,2,3,6,7,0
这个刚出生的小家伙有着不同寻常的感知力，可以发现并跟随领头的捕食者。,|cFFFFD200商人出售：|r公会商人|n|cFFFFD200地区：|r暴风城、奥格瑞玛|n|cFFFFD200价格：|r300|TINTERFACE\MONEYFRAME\UI-GOLDICON.BLP:0|t,1449,84521,169220,1044497,7,18,2,6,7,0
尽管这些微型机械守卫的制造初衷是为了保护家养雷象免受害虫的侵扰，但事实证明，它们还是按摩的高手。,|cFFFFD200商人出售：|r守备官努瑞姆|n|cFFFFD200声望：|r主教议会|n,1450,84885,169666,986488,9,2,2,38,7,0
喜欢跟小鬼混在一起，在岩浆里打滚，依偎在元素领主身边。,|cFFFFD200成就：|r魔兽世界十周年|n|cFFFFD200分类：|r光辉事迹,1451,84915,169695,1044792,6,16466,5,6,7,0
被激怒后反应极其迅速，但吃上几片纳格兰箭叶花就能平静下来。,|cFFFFD200商人出售：|r达姆斯|n|cFFFFD200地区：|r达拉然|n|cFFFFD200价格：|r50|Hitem:163036|h|TInterface\ICONS\INV_Currency_PetBattle.BLP:0|t|h,1453,79730,223110,1044480,7,2,2,6,7,0
在啃过古尔丹的胫骨后，这个好动的恶魔猎手就被他的哥哥鱼鹿囚禁了10000年。,|cFFFFD200特殊：|r2015年暴雪嘉年华|n|n,1454,85009,190036,1129435,0,82,7,6,7,0
这个小飞掠者会伪装成苔藓的样子躲在树丛里，然后从天而降，跳到目标身上。,|cFFFFD200宠物对战：|r影月谷,1455,85005,0,1044500,7,26,4,6,7,0
这小家伙凭借着颇具欺骗性的可爱外表吸引猎物，然后疾风骤雨般地将它们席卷。拥抱要小心。,|cFFFFD200宠物对战：|r影月谷,1456,85007,0,1044500,7,26,4,6,7,0
这些冰寒的小家伙身上长着无比尖利的爪子，在厚厚的冰层和岩石下方打洞栖身。,|cFFFFD200宠物对战：|r霜火岭,1457,85003,0,1044498,7,26,4,6,7,0
在某种食人魔的仪式上，他们会让白骨蜂叮在自己手上。白骨蜂的毒液让他们增强力量的同时，也产生了强烈幻觉。,|cFFFFD200商人出售：|r阵营商人|n|cFFFFD200声望：|r嘲颅氏族,1458,85014,170286,1044486,2,2,2,6,7,0
与主流观点相反，血刺蜂并不是靠吸血过活，而是渴望爱。,|cFFFFD200宠物对战：|r阿兰卡峰林,1462,85255,0,1044488,2,26,4,6,7,0
林地蜂在枯死或中空的树上筑巢，并会迅速攻击任何威胁其家园的敌人。,|cFFFFD200宠物对战：|r戈尔隆德,1463,85254,0,1044487,2,26,4,6,7,0
在月光下，它们的翅膀会生出闪耀的光环，犹如闪烁的星光一般熠熠生辉。,|cFFFFD200宠物对战：|r霜火岭，戈尔隆德,1464,85253,0,1044485,2,26,4,6,7,0
珀钩黄蜂总是喜欢激怒体形更大的生物来攻击它。等到目标上钩后，它们便会倾巢出动，还击敌人。,|cFFFFD200宠物对战：|r戈尔隆德,1465,85257,0,1044489,2,26,4,6,7,0
一只精力充沛的魔法小猫，有时她会毫无由来地四处乱窜。,|cFFFFD200游戏商城|r|n,1466,85283,190035,1116250,5,82,9,6,7,0
飞天切割者原本是臭名昭著的米莉·沃特为她猫咪设计的玩具。她的猫就睡在旁边的盒子里。,|cFFFFD200掉落：|r布林顿5000礼包,1467,85284,170292,894222,9,2,0,6,7,0
古老的德拉诺部族向来喜欢用它们锐利的鸟喙来制作原始的工具和武器。,|cFFFFD200宠物对战：|r塔纳安丛林,1468,85388,0,1045160,2,26,4,6,7,0
这些鸟身上美丽多彩的鸟羽倍受藏家的追捧。据说把这些羽毛戴在身上，能给你带来好运气。,|cFFFFD200宠物对战：|r戈尔隆德,1469,85192,0,1045161,2,26,4,6,7,0
它鸟喙的边缘锋利得出奇。在喂它进食时小心你的手指头！,|cFFFFD200宠物对战：|r戈尔隆德,1470,85389,0,1045158,2,26,4,6,7,0
这只焦躁不安的小鸟酷爱吃水果。,|cFFFFD200掉落：|r震动的蛋|n|cFFFFD200地区：|r霜火岭|n|n,1471,85387,170285,133997,2,2,0,6,7,0
,,1472,85419,0,515993,4,1072,-1,6,7,0
,,1473,85420,0,134011,6,1122,-1,6,7,0
,,1474,85463,0,979220,8,1072,-1,6,7,0
,,1475,85522,0,136072,7,48,-1,6,7,0
,,1476,85523,0,840540,7,48,-1,6,7,0
,,1477,85525,0,237300,5,48,-1,6,7,0
这只小乌贼似乎很喜欢穿裤子，可在这世上你去哪找适合它穿的裤子呢？,|cFFFFD200掉落：|r高级暗月宠物补给|n,1478,85527,170774,632858,5,2,0,6,7,0
,,1479,85561,0,463878,7,50,-1,6,7,0
,,1480,85652,0,840662,2,1074,-1,6,7,0
,,1482,85655,0,463878,7,50,-1,6,7,0
,,1483,85656,0,646148,6,50,-1,6,7,0
,,1484,85657,0,134011,6,98,-1,6,7,0
,,1485,85658,0,134062,5,50,-1,6,7,0
,,1486,85659,0,132598,2,1074,-1,6,7,0
,,1487,85660,0,132771,6,50,-1,6,7,0
,,1488,85661,0,132769,6,50,-1,6,7,0
,,1489,85662,0,1019377,0,50,-1,6,7,0
,,1490,85663,0,1019377,0,50,-1,6,7,0
,,1492,85664,0,648918,4,50,-1,6,7,0
,,1493,85665,0,236196,2,50,-1,6,7,0
,,1494,85666,0,132194,7,50,-1,6,7,0
它们吃啊，吃啊，吃啊，直到长得很大。然后就能吃得更多。,|cFFFFD200专业技能：|r德拉诺之王采矿,1495,85667,170280,443397,0,2,3,6,7,0
,,1496,85674,0,667691,2,50,-1,6,7,0
,,1497,85675,0,132916,2,50,-1,6,7,0
,,1498,85676,0,132926,2,50,-1,6,7,0
,,1499,85677,0,524793,6,50,-1,6,7,0
,,1500,85678,0,298642,6,50,-1,6,7,0
,,1501,85681,0,443397,0,50,-1,6,7,0
,,1502,85680,0,443397,0,50,-1,6,7,0
,,1503,85679,0,443397,0,50,-1,6,7,0
,,1504,85682,0,133015,9,50,-1,6,7,0
,,1505,85683,0,986488,9,50,-1,6,7,0
,,1506,85684,0,986488,9,50,-1,6,7,0
,,1507,85685,0,136118,3,1074,-1,6,7,0
,,1508,85686,0,136221,5,50,-1,6,7,0
,,1509,85687,0,136221,5,50,-1,6,7,0
,,1510,85688,0,136221,5,50,-1,6,7,0
当然有雏鸟了，它们的名字可是爱情鸟啊，对吧？,|cFFFFD200世界事件：|r情人节|n|cFFFFD200商人出售：|r可爱的商贩|n|cFFFFD200价格：|r40|TINTERFACE\ICONS\INV_ValentinesCard01:0|t,1511,85710,132762,132198,4,2,2,35,7,0
在魔法手段和叶绿素的作用下，它变得生气勃勃。,|cFFFFD200世界事件：|r复活节|n|cFFFFD200商人出售：|r复活节商人|n|cFFFFD200价格：|r100|TINTERFACE\ICONS\Achievement_Noblegarden_Chocolate_Egg:0|t,1514,85773,171222,615230,2,146,6,6,7,0
这个机器人身上出自大师之手的齿轮传动装置和精密焊接处显然都是用满满的爱制作出来的。,|cFFFFD200掉落：|r塔拉多,1515,85231,170282,986489,9,2,0,6,7,0
在被地精引入大陆之后，灌木小鸡就以美味的口感和低智商一举成为了感恩节餐桌上的特色菜。,|cFFFFD200世界事件：|r感恩节,1516,85846,171500,132926,4,2,2,33,7,0
在它的笼子旁边排满了各种昆虫烧成灰烬的微小尸体。,|cFFFFD200世界事件：|r仲夏火焰节|n|cFFFFD200商人出售：|r仲夏商人、仲夏补给商|n|cFFFFD200价格：|r350|TINTERFACE\ICONS\INV_SummerFest_FireFlower:0|t,1517,85872,171552,519830,6,2,6,6,7,0
熊猫人酒仙偶然将一桶高老伯新酿的美酒带到了美酒节上来。,|cFFFFD200世界事件：|r美酒节|n|cFFFFD200商人出售：|r贝尔比·奎克斯维奇|n|cFFFFD200地区：|r丹莫罗|n|cFFFFD200价格：|r200|TINTERFACE\ICONS\INV_Misc_Coin_01:0|t|n|n|cFFFFD200商人出售：|r布利克斯·菲克维特|n|cFFFFD200地区：|r杜隆塔尔|n|cFFFFD200价格：|r200|TINTERFACE\ICONS\INV_Misc_Coin_01:0|t,1518,85994,171758,669468,6,131074,6,36,7,0
,,1519,114064,0,1120424,7,1072,-1,6,7,0
这只猫有九条命，其中一条会在你刚想进入梦乡时大声叫唤来骚扰生者。,|cFFFFD200世界事件：|r万圣节|n|cFFFFD200商人出售：|r沃姆|n|cFFFFD200地区：|r提瑞斯法林地|n|cFFFFD200价格：|r150|TINTERFACE\ICONS\achievement_halloween_candy_01:0|t|n|n|cFFFFD200商人出售：|r皮皮|n|cFFFFD200地区：|r暴风城|n|cFFFFD200价格：|r150|TINTERFACE\ICONS\achievement_halloween_candy_01:0|t,1521,86061,171912,454045,3,2,6,6,7,0
就连死亡也抑制不了这只小猫难以满足的好奇心。,|cFFFFD200世界事件：|r万圣节|n|cFFFFD200商人出售：|r沃姆|n|cFFFFD200地区：|r提瑞斯法林地|n|cFFFFD200价格：|r150|TINTERFACE\ICONS\achievement_halloween_candy_01:0|t|n|n|cFFFFD200商人出售：|r皮皮|n|cFFFFD200地区：|r暴风城|n|cFFFFD200价格：|r150|TINTERFACE\ICONS\achievement_halloween_candy_01:0|t,1523,86067,171915,656575,3,2,6,6,7,0
这只软泥怪有着漫长而混乱不清的血统。,|cFFFFD200掉落：|r灵魔|n|cFFFFD200地区：|r纳格兰|n,1524,86081,170269,136007,5,2,0,6,7,0
"小狼领命原地留，
静待猎物来上钩。
傲气不离终夭折，
拘束散去自在游。
",|cFFFFD200专业技能：|r考古学,1530,86422,170274,1120424,3,2,3,6,7,0
这个上古巢穴守卫在设计时被灌注了不可思议的构想：恨猫。,|cFFFFD200专业技能：|r考古学,1531,86420,172632,986483,9,2,3,35,7,0
卡利鸟的雏鸟在刚出生时以蛆虫为食，翅膀硬了之后却能吃掉任何比自己小的东西。,|cFFFFD200任务：|r伊奇的蛋|n|cFFFFD200地区：|r阿兰卡峰林,1532,86447,170270,132914,2,2,1,6,7,0
没人知道兰提克究竟是生活在黑翼血环深处的哪个区域，但那里肯定臭烘烘的。,|cFFFFD200掉落：|r兰提克|n|cFFFFD200地区：|r黑石塔上层,1533,86532,172998,462337,1,2,0,6,7,0
在德拉诺，赞加海会把成千上万个这种孢子释放到海岸上，从而渐渐蚕食陆地。,|cFFFFD200掉落：|r邪能宠物补给|n|cFFFFD200地区：|r塔纳安|n,1536,86715,173532,460954,2,2,0,6,7,0
一种采摘自赤红沼泽的孢子，那是戈尔隆德的一个地区，在德拉诺被虚空魔法撕裂时被吞灭了。,|cFFFFD200掉落：|r奇异孢子|n|cFFFFD200地区：|r戈尔隆德|n,1537,86716,173542,463282,2,2,0,6,7,0
深蓝色的暗泽后来成了破碎者部族的家园。,|cFFFFD200掉落：|r奇异孢子|n|cFFFFD200地区：|r影月谷|n,1538,86717,173543,463280,2,2,0,6,7,0
一种来自赞加拉的孢子，那是赞加海侵蚀的中心地区，后来发展成了赞加沼泽。,|cFFFFD200掉落：|r邪能宠物补给|n|cFFFFD200地区：|r塔纳安|n,1539,86718,173544,463281,2,2,0,6,7,0
一种极为罕见的明亮孢子，可以在深受赞加真菌侵蚀的最黑暗的角落里找到，藏在德拉诺的波涛深处。,|cFFFFD200掉落：|r烂菌|n|cFFFFD200地区：|r阿兰卡峰林,1540,86719,173547,132851,2,2,0,6,7,0
养这只小多头蛇的成本十分高昂，因为它一次能吃掉三碗饲料。,|cFFFFD200掉落：|r瓦拉沙的卵|n|cFFFFD200地区：|r阿兰卡峰林,1541,86879,170273,463493,8,2,0,6,7,0
这些幼崽在长大前是一个个长着尖牙的毛球，长大后却只剩下尖牙了。,|cFFFFD200商人出售：|r贝斯卡·赤牙|n|cFFFFD200阵营：|r霜狼|n|n,1542,87111,170281,1120424,7,2,2,6,7,0
饲养这种母牛的初衷只是为了给侏儒提供更加美味的牛奶。,|cFFFFD200掉落：|r要塞，畜棚，3级,1543,87257,177216,136072,4,18,0,6,7,0
小身材并不会使他的仇恨减少半分。,|cFFFFD200掉落：|r炎魔拉格纳罗斯|n|cFFFFD200地区：|r熔火之心（周年庆版本）,1544,87669,170268,525026,6,2,0,6,7,0
别把纸放到她笼子边上，除非你想来场大火。,|cFFFFD200任务：|r德拉诺宠物博览,1545,87704,170291,526578,2,2,1,6,7,0
美丽的风暴之翼是一只半鸟半元素生物，能产生绝对的震骇效应。,|cFFFFD200成就：|r兼收并蓄,1546,87705,170289,897087,2,82,5,6,7,0
,,1547,87952,0,841541,5,50,-1,6,7,0
,,1548,87947,0,1044082,5,50,-1,6,7,0
,,1549,87946,0,1044501,7,50,-1,6,7,0
,,1550,87970,0,1044793,7,50,-1,6,7,0
,,1552,87968,0,1044793,7,50,-1,6,7,0
,,1553,87967,0,1044793,7,50,-1,6,7,0
,,1554,87975,0,441880,0,50,-1,6,7,0
,,1555,87976,0,615479,0,50,-1,6,7,0
,,1556,87972,0,135129,0,50,-1,6,7,0
,,1557,87978,0,952507,2,50,-1,6,7,0
,,1558,87979,0,1029736,2,50,-1,6,7,0
,,1559,87980,0,986483,9,50,-1,6,7,0
,,1560,87983,0,236193,2,50,-1,6,7,0
,,1561,87982,0,236193,2,50,-1,6,7,0
,,1562,87981,0,236193,2,50,-1,6,7,0
青铜龙宝宝在时间中迷失了，直到发生了一次不同寻常的事件，她才得以逃脱。,|cFFFFD200掉落：|r钢铁部落|n|cFFFFD200地区：|r诅咒之地,1563,7546,10699,134156,1,2,0,6,7,0
清楚地表明了为什么应该谨慎地使用地精肥料。,|cFFFFD200掉落：|r曼达科尔|n|cFFFFD200地区：|r戈尔隆德|n,1564,88103,170272,134205,6,2,0,6,7,0
钢铁铸就，烈火烧成。弹簧、齿轮、铁板还有线材。,|cFFFFD200专业技能：|r德拉诺之王工程学,1565,88134,170288,986492,9,2,3,6,7,0
这些小家伙似乎钟爱又大又蓬松的鸟巢，最好筑在喜欢动物的树妖头上。,|cFFFFD200任务：|r为了小孔雀,1566,88222,176137,667692,2,2,1,6,7,0
某位暗夜精灵哨兵的小伙伴，很少有人会把它当作礼物送人。,|cFFFFD200任务：|r女猎手,1567,88225,176140,133247,2,2,1,6,7,0
生活在距离水面很近的地方，泥水恐魔不仅是所有水生生物的朋友，还是它们当中的一员。,|cFFFFD200任务：|r德拉诺宠物博览,1568,88300,170279,893777,8,2,1,6,7,0
在锻铸注魔钢铁时，少许魔法力量渗透到了煤炭中。经过若干年，甚至是数十年，不受束缚的能量慢慢具备了形体，成为无比刚毅的微小元素生物。,|cFFFFD200专业技能：|r德拉诺之王锻造,1569,84853,170276,1044088,6,2,3,6,7,0
相传，阳炎卡利鸟在一心赴死时，会径直朝烈日飞去。,|cFFFFD200任务：|r德拉诺宠物博览,1570,88367,177227,132919,2,2,1,6,7,0
这种幼崽身上的白色兽皮像板甲一样厚，若非如此，它们很容易被烈日灼伤。,|cFFFFD200商人出售：|r奎拉克斯·刀索|n|cFFFFD200阵营：|r热砂保护协会 - 崇敬|n|cFFFFD200价格：|r1000|TINTERFACE\MONEYFRAME\UI-GOLDICON.BLP:0|t,1571,85281,170287,1044482,7,2,2,6,7,0
血羽完全无所畏惧，散开自己的羽毛，冲向任何威胁它的敌人。,|cFFFFD200宠物对战：|r塔拉多,1572,88385,0,667690,2,26,4,6,7,0
据说当旭日的光芒照在它们身上时，这种鸟身上的羽毛会像黄金般闪耀。,|cFFFFD200宠物对战：|r阿兰卡峰林,1573,85798,0,667690,2,26,4,6,7,0
神一般所在的旅行形态。,|cFFFFD200商人出售：|r鸦语者斯奇加|n|cFFFFD200地区：|r战争之矛|n|cFFFFD200阵营：|r流亡者鸦人 - 崇敬|n|cFFFFD200价格：|r1000|TINTERFACE\MONEYFRAME\UI-GOLDICON.BLP:0|t|n|n|cFFFFD200商人出售： |r暗影贤者巴考斯|n|cFFFFD200地区：|r暴风之盾|n|cFFFFD200阵营：|r流亡者鸦人 - 崇敬|n|cFFFFD200价格：|r1000|TINTERFACE\MONEYFRAME\UI-GOLDICON.BLP:0|t,1574,88401,170277,1029738,3,66,2,6,7,0
跟鳐玩传接游戏总是很有趣。你甚至都不用瞄准。,|cFFFFD200商人出售：|r声望商人|n|cFFFFD200声望：|r沙塔尔防御者,1575,88452,170271,132191,2,2,2,6,7,0
你总是觉得……有东西在盯着你看。,|cFFFFD200掉落：|r观察者奥鲁莫|n|cFFFFD200地区：|r塔拉多,1576,88490,170275,236407,5,2,0,6,7,0
年幼且不具杀伤力的血棘幼崽，是深受食人魔喜爱的餐点。,|cFFFFD200商人出售：|r缇菲·机簧、吉雅达·金索|n|cFFFFD200地区：|r要塞,1577,88514,187384,1044499,7,2,2,6,7,0
霜壳钳爪蟹会筑起厚厚的冰层，以保护自己免受更大捕食者的攻击。,|cFFFFD200宠物对战：|r霜火岭,1578,88480,0,132186,8,26,4,6,7,0
尖利的蟹爪足以粉碎板甲护手，最好小心应对。,|cFFFFD200宠物对战：|r霜火岭,1579,88474,0,132186,8,26,4,6,7,0
这种狡猾的甲壳类动物会在泥里打洞，避免遭受到更大捕食者的攻击。,|cFFFFD200宠物对战：|r塔纳安丛林|n,1581,88473,0,132186,8,26,4,6,7,0
这种螃蟹以富含营养物的真菌孢子为食，因此蟹壳带有独特的色彩。,|cFFFFD200宠物对战：|r影月谷,1582,88466,0,132186,8,26,4,6,7,0
他们将自己隐藏在海藻和其它海洋植物当中，出其不意地袭击猎物。,|cFFFFD200宠物对战：|r塔拉多,1583,88465,0,132186,8,26,4,6,7,0
既美丽又危险，既闪耀又放肆，是比黄金还要珍贵的美丽飞蛾。,|cFFFFD200宠物对战：|r塔纳安丛林|n|n,1586,88422,0,236193,2,26,4,6,7,0
深紫色的翅膀深受食人魔法师的追捧，他们相信用来做药引可以延年益寿。,|cFFFFD200宠物对战：|r影月谷，塔拉多,1587,88417,0,236193,2,26,4,6,7,0
在遇到危险时，它们的翅膀会释放发出一种超细的粉末，作为防御手段。,|cFFFFD200商人出售：|r缇菲·机簧、吉雅达·金索|n|cFFFFD200地区：|r要塞,1588,88415,187383,236193,2,2,2,6,7,0
既美丽又危险，既闪耀又放肆，是比同等重量的黄金还要珍贵的美丽飞蛾。只可惜它们都太轻了。,|cFFFFD200宠物对战：|r塔拉多,1589,88413,0,236193,2,26,4,6,7,0
学者们始终对萤火虫的发光原理争论不休，但最被认可的假设是“魔法论”。,|cFFFFD200宠物对战：|r至高岭、阿兰卡峰林,1590,88359,0,236196,2,26,4,6,7,0
这些萤火虫通过采食紫色的花朵和花蜜来保持自己身上发出的紫色光芒。,|cFFFFD200宠物对战：|r塔纳安丛林|n,1591,88357,0,236196,2,26,4,6,7,0
由于这种萤火虫身上的光泽与上等蓝玉十分接近，故又被称作‘会飞的宝石’。,|cFFFFD200宠物对战：|r阿兰卡峰林,1592,88356,0,236196,2,26,4,6,7,0
这种水荧利用水面来反射肚子上发出的光芒，从而吸引伴侣。,|cFFFFD200宠物对战：|r 影月谷、塔拉多、塔纳安丛林,1593,88355,0,236196,2,26,4,6,7,0
被激怒后反应极其迅速，但吃上几片纳格兰箭叶花就能平静下来。,|cFFFFD200宠物对战：|r戈尔隆德,1594,88571,0,979220,7,26,4,6,7,0
被激怒后反应极其迅速，但吃上几片纳格兰箭叶花就能平静下来。,|cFFFFD200宠物对战：|r塔拉多,1595,88572,0,1044481,7,26,4,6,7,0
由于“一羽难求”，已经被捕猎到了濒临绝种的地步，这种卡利鸟进化出了敏锐的感知力。,|cFFFFD200商人出售：|r维沙尔|n|cFFFFD200地区：|r阿兰卡峰林|n|cFFFFD200价格：|r1000|TINTERFACE\MONEYFRAME\UI-GOLDICON.BLP:0|t,1596,88573,170283,132914,2,2,2,6,7,0
由于“一羽难求”已经被捕猎到了濒临绝种的地步，这种卡利鸟进化出了敏锐的感知力。,|cFFFFD200商人出售：|r维沙尔|n|cFFFFD200地区：|r阿兰卡峰林|n|cFFFFD200价格：|r10|TINTERFACE\MONEYFRAME\UI-GOLDICON.BLP:0|t,1597,88574,177215,132914,2,2,2,6,7,0
野生的孢子蝠是一种险恶的生物，但如果在它们小时候加以驯化，它们就能成为忠心的小伙伴。,|cFFFFD200商人出售：|r缇菲·机簧、吉雅达·金索|n|cFFFFD200地区：|r要塞,1598,88575,187376,132197,2,2050,2,6,7,0
野生的孢子蝠是一种险恶的生物，但如果在它们小时候加以驯化，它们就能成为忠心的小伙伴。,|cFFFFD200宠物对战：|r塔拉多,1599,88576,0,132197,2,26,4,6,7,0
幼年骨蛇会钻进活物的脑袋里吃他们的脑子。所以你最好戴一顶睡帽。,|cFFFFD200宠物对战：|r收藏家爱瑞斯，库拉·雷蹄,1600,88577,177238,970830,3,2,4,33,7,0
当戴米多斯为其它虚空领主举办派对时，制造出了不少仆从。,|cFFFFD200掉落：|r戴米多斯|n|cFFFFD200地区：|r影月谷,1601,88692,170278,136221,5,2,0,6,7,0
如论他如何尖叫，千万不要给他恶魔之血。,|cFFFFD200特殊：|r2014年暴雪嘉年华,1602,88805,177234,1044791,0,131154,7,6,7,0
总被人发现正在咀嚼不该吃的东西，山羊最初被认作是埃索达覆灭的罪魁祸首。,|cFFFFD200游戏商城|r,1603,88807,177232,1044790,7,82,9,6,7,0
是哪位达拉然法师遗失的魔法灯笼，还是一支性格热情的活化蜡烛？你说了算。,|cFFFFD200地区：|r达拉然|n,1604,88814,177220,463483,5,210,0,37,7,0
一种魔法小伙伴，由等量的冒险精神和勇气凝聚而成。,|cFFFFD200成就：|r超级大冒险,1605,88830,177233,656597,5,82,5,6,7,0
,,1607,89130,0,979220,8,1072,-1,6,7,0
,,1608,89129,0,134011,6,1122,-1,6,7,0
,,1609,89131,0,515993,4,1072,-1,6,7,0
,,1610,89135,0,851119,3,34,-1,6,7,0
它不仅迅如闪电，而且声如洪钟！,|cFFFFD200宠物对战：|r戈尔隆德,1615,89194,0,463491,7,26,4,33,7,0
一幢阴郁建筑上的小型石像鬼，将雨水引向别处，防止陵墓被水淹没。,|cFFFFD200掉落：|r阿兹加洛|n|cFFFFD200地区：|r海加尔峰,1622,90200,179811,458967,3,2,0,6,7,0
黑暗神殿的下水道系统中深绿色的腐水赋予了这些多头蛇鲜亮的色彩。,|cFFFFD200掉落：|r高阶督军纳因图斯|n|cFFFFD200地区：|r黑暗神殿,1623,90201,179830,1100171,8,2,0,6,7,0
作为巨大的深渊魔苏普雷姆斯的碎片，深渊小魔怪所蕴含的火焰精华足以将你的口袋烧穿一个洞。,|cFFFFD200掉落：|r苏普雷姆斯|n|cFFFFD200地区：|r黑暗神殿,1624,90202,179831,1100169,5,2,0,6,7,0
它只是有一点疯。,|cFFFFD200掉落：|r迷失者的圣骨匣|n|cFFFFD200地区：|r黑暗神殿,1625,90203,179832,1100173,3,2,0,6,7,0
它只是有点生气。,|cFFFFD200掉落：|r迷失者的圣骨匣|n|cFFFFD200地区：|r黑暗神殿,1626,90204,179833,1100175,3,131074,0,6,7,0
它只是有点兴趣。,|cFFFFD200掉落：|r迷失者的圣骨匣|n|cFFFFD200地区：|r黑暗神殿,1627,90205,179834,1100174,3,131074,0,6,7,0
她是你肩头的恶魔，在你耳边窃窃私语。,|cFFFFD200掉落：|r莎赫拉丝主母|n|cFFFFD200地区：|r黑暗神殿,1628,90206,179835,136220,0,133122,0,6,7,0
那是什么味儿？,|cFFFFD200掉落：|r安纳塞隆|n|cFFFFD200地区：|r海加尔峰,1629,90207,179836,1100170,3,131074,0,6,7,0
数百只这样的小精灵聚集在一起，保护海加尔免受阿克蒙德的侵袭。它们拯救了世界。,|cFFFFD200掉落：|r阿克蒙德|n|cFFFFD200地区：|r海加尔峰,1631,90208,179837,1100178,5,2,0,6,7,0
你不会想知道当一只老鼠溜进太阳之井时会发生什么。,|cFFFFD200掉落：|r布鲁塔卢斯|n|cFFFFD200地区：|r太阳之井高地,1632,90212,179838,1100176,9,131074,0,6,7,0
扭曲虚空是一个无尽的恐怖深渊，也是可爱到极点的一个小小角落。,|cFFFFD200掉落：|r穆鲁|n|cFFFFD200地区：|r太阳之井高地,1633,90213,179839,1100177,5,2,0,6,7,0
嗜魔成瘾的精灵太过渺小和脆弱，无法成为基尔加丹的大军主力，最终沦为高级恶魔的仆役。,|cFFFFD200掉落：|r艾瑞达双子|n|cFFFFD200地区：|r太阳之井高地,1634,90214,179840,1100179,0,2,0,41,7,0
当这只宠物走近时，祥和的钟声充斥着你的脑海，让你想起悠远的往昔。,|cFFFFD200成就：|r缰绳来袭III：畅饮太阳之井|n|cFFFFD200分类：|r收集,1635,90215,179841,1100172,5,210,5,36,7,0
暗月竞速赛最讨厌的障碍物之一，现在它落在你的手上了！,|cFFFFD200成就：|r火箭神兵：黄金|n|cFFFFD200分类：|r暗月马戏团,1636,90345,179954,134509,9,131154,5,6,7,0
,,1637,90676,0,133275,8,50,-1,6,7,0
在一次对鬼灵矿的突袭中，一队英雄只收到了一个精华。结果召唤出的魔像体型太小，没法对敌人的塔造成多少伤害。这头魔像最后游荡进了时空枢纽，最终来到了艾泽拉斯。,|cFFFFD200特殊：|r风暴英雄|n,1639,91226,181086,1065381,3,82,7,6,7,0
,,1640,91335,0,132197,2,50,-1,6,7,0
,,1641,91336,0,236193,2,48,-1,6,7,0
,,1642,91337,170272,134205,6,34,-1,6,7,0
,,1643,91338,0,463493,8,48,-1,6,7,0
,,1644,91339,0,1044482,7,32,-1,6,7,0
,,1645,91340,0,236196,2,48,-1,6,7,0
,,1646,91341,0,667690,2,32,-1,6,7,0
,,1647,91342,0,970830,3,48,-1,6,7,0
,,1648,91343,0,960698,6,48,-1,6,7,0
,,1649,91344,0,134060,7,48,-1,6,7,0
,,1651,91345,0,804968,8,48,-1,6,7,0
,,1652,90929,0,134324,4,48,-1,6,7,0
,,1653,91346,0,134324,4,48,-1,6,7,0
,,1654,91347,0,134324,4,48,-1,6,7,0
德拉诺的河流中生活着许多鳗鱼。它们是邪恶的掠食者，会攻击一切进入水域的生物。,|cFFFFD200宠物对战：|r收藏家爱瑞斯，库拉·雷蹄|n,1655,91407,177223,133897,8,2,4,6,7,0
塔布羊的犄角在幼年时就已经完全长成了。,|cFFFFD200宠物对战：|r收藏家爱瑞斯，库拉·雷蹄|n,1656,91408,177218,1044501,7,2,4,6,7,0
这些幼崽在长大前是一个个长着尖牙的毛球，长大后却只剩下尖牙了。,|cFFFFD200任务：|r我的邪能小幼崽|n|cFFFFD200地区：|r塔纳安丛林|n|n,1660,91823,184480,1120425,7,82,1,6,7,0
传说，有一些被虚空感染的野兽就生活在两个相邻世界之间的空间中。,|cFFFFD200商人出售：|r缇菲·机簧、吉雅达·金索|n|cFFFFD200地区：|r要塞,1661,93142,184481,1120427,7,2,2,6,7,0
这只狼崽被发现时，正在黑石铸造厂的黑色熔炉里啃着一块焦黑的骨头。它可以迅速让你暖和起来。,|cFFFFD200要塞任务：|r烈焰之友|n,1662,93143,184482,1120426,7,2,0,6,7,0
这些顽皮的小淡水兽喜欢含一大口水，然后互相喷着玩。,|cFFFFD200掉落：|r邪能宠物补给|n|cFFFFD200地区：|r塔纳安|n,1663,93352,187555,979220,7,2,0,6,7,0
曾是德莱尼祭司用来安抚灵魂的圣器，被愤怒的灵魂赋予生命后，就常被充斥着死亡和腐蚀的地方吸引。,|cFFFFD200掉落：|r邪能宠物补给|n|cFFFFD200地区：|r塔纳安|n,1664,93483,185055,133706,5,2,4,41,7,0
这些螃蟹进化出了更高级的伪装形态，使它们的皮肤看起来像是透明的。,|cFFFFD200商人出售：|r格丽萨·日露|n|cFFFFD200地区：|r暗月岛,1665,93808,185591,237176,8,2,2,6,7,0
这种鱼似乎对你的命令毫无反应，也根本意识不到你的存在，真的。,|cFFFFD200商人出售：|r格丽萨·日露|n|cFFFFD200地区：|r暗月岛,1666,93814,185601,237308,8,146,2,6,7,0
,,1671,94601,0,841219,9,9264,-1,6,7,0
腐化的巢穴守卫和煎蛋卷的大厨没什么两样。,|cFFFFD200掉落：|r暗影领主艾斯卡|n|cFFFFD200地区：|r地狱火堡垒|n,1672,94623,187532,1117883,9,2,0,35,7,0
,,1673,94637,0,841219,7,9264,-1,6,7,0
,,1674,94638,0,841219,7,9264,-1,6,7,0
,,1675,94639,0,841219,3,9264,-1,6,7,0
,,1676,94640,0,841219,2,9264,-1,6,7,0
,,1677,94641,0,841219,8,9264,-1,6,7,0
,,1678,94642,0,841219,6,9264,-1,6,7,0
,,1679,94643,0,841219,8,9264,-1,6,7,0
,,1680,94644,0,841219,5,9264,-1,6,7,0
,,1681,94645,0,841219,2,9264,-1,6,7,0
,,1682,94646,0,841219,5,9264,-1,6,7,0
,,1683,94647,0,841219,9,9264,-1,6,7,0
,,1684,94648,0,841219,0,9264,-1,6,7,0
,,1685,94649,0,841219,0,9264,-1,6,7,0
,,1686,94650,0,841219,6,9264,-1,6,7,0
谁会丢下这么可爱的小鲨鱼？钢铁部落真是没人性。,|cFFFFD200要塞任务：|r营救失怙水生动物|n,1687,94867,188084,294472,8,2,0,6,7,0
这只迷路的鬣蜥人被发现时正在一场小型暴风雪中游荡。随身携带的矿锄说明他还是个多面手。,|cFFFFD200商人出售：|r商人阿兰达|n|cFFFFD200地区：|r坠落之月|n|cFFFFD200价格：|r1000|TINTERFACE\MONEYFRAME\UI-GOLDICON.BLP:0|t|n|n|cFFFFD200商人出售：|r商人达拉克|n|cFFFFD200地区：|r霜寒晶壁|n|cFFFFD200价格：|r1000|TINTERFACE\MONEYFRAME\UI-GOLDICON.BLP:0|t,1688,94927,188235,1003743,0,2,2,6,7,0
森卢肯的一小部分精魂正在这块秘文中熊熊燃烧。你最好将其贴身收藏。,|cFFFFD200宝藏：|r被遗忘的秘文碎片|n|cFFFFD200地区：|r塔纳安丛林,1690,95572,189357,1135365,6,2,0,36,7,0
一把魔法小点就轻而易举地让这只小魔犬离开了萨格拉斯。,|cFFFFD200特殊：|r“军团再临”典藏版,1691,95841,190020,1129035,4,82,7,6,7,0
宠物总是像它们的主人，当它们的主人是刃牙虎人时就更是如此。,|cFFFFD200商人出售：|r行者兹坦加|n|cFFFFD200地区：|r塔纳安丛林|n|cFFFFD200阵营：|r刃牙追猎者 - 崇敬|n|cFFFFD200价格：|r1500|TInterface\ICONS\INV_misc_blacksaberonfang.blp:0|t,1692,96126,190682,132242,7,2,2,6,7,0
鸦人对太阳的崇拜令他们制造出了一些古怪又畸形的爪牙。,|cFFFFD200商人出售：|r觅晨者科塞克|n|cFFFFD200地区：|r塔纳安丛林|n|cFFFFD200阵营：|r觉醒教派 - 崇拜,1693,96123,190681,526578,2,2,2,34,7,0
女巫斯塔佳为她的大锅进行过附魔，防止它被打翻而溢出热汤来。她从没想过大锅会产生知觉，并且试图谋杀她。,|cFFFFD200专业技能：|r军团附魔|n|cFFFFD200公式：|r魔化大锅,1699,96403,191071,1379178,5,2,3,37,7,0
女巫斯塔佳不喜欢自己举火把。经过简单地附魔后，这玩意儿就会自己跟着她在黑夜中穿行了。,|cFFFFD200专业技能：|r军团附魔|n|cFFFFD200公式：|r魔化火把,1700,96404,191072,1379180,5,2,3,39,7,0
女巫斯塔佳受够了写感谢纸条这个麻烦活，于是就用她的魔法来自动完成这个任务。不幸的是，这支笔内心阴暗，所有收信人都收到了一封措辞强硬的信……,|cFFFFD200专业技能：|r军团附魔|n|cFFFFD200公式：|r魔化羽毛笔,1701,96405,191073,1379179,5,2,3,39,7,0
你救了他，但也或许是他救了你。,|cFFFFD200任务：|r不高兴|n|cFFFFD200地区：|r瓦尔莎拉,1705,96622,186299,877481,7,2,1,6,7,0
这个小家伙从小过得十分艰苦，你一定要好好照顾他。,|cFFFFD200任务：|r收养小可爱|n|cFFFFD200地区：|r瓦尔莎拉,1706,96649,191425,446127,7,2,1,6,7,0
许多水手认为，伤害信天翁会给他们的航程带来霉运。,|cFFFFD200宠物对战：|r阿苏纳，风暴峡湾,1708,97018,0,464160,2,26,4,6,7,0
其他鸟类在成群迁徙的时候会轮流领航，但皇羽鹰却会一直保持领头的位置。这到底是为了帮助其他的鸟儿保存体力，还是出于支配欲就不得而知了。,|cFFFFD200宠物对战：|r阿苏纳|n,1709,97076,0,1392564,2,26,4,6,7,0
总是活在它兄弟的阴影里。,|cFFFFD200宠物对战：|r阿苏纳|n,1710,97078,0,1392564,2,26,4,6,7,0
非常稀有的鸟类，不过这一只已经被托付给你了。,|cFFFFD200任务：|r空荡荡的鹰巢|n|cFFFFD200地区：|r至高岭,1711,97079,193680,132172,2,2,1,6,7,0
这种鸟通常以乌龟为食，它们会从非常高的地方扔下乌龟，以摔碎其坚硬的外壳。,|cFFFFD200宠物对战：|r风暴峡湾,1712,97080,0,1392564,2,26,4,6,7,0
它的视力好过听力。,|cFFFFD200宠物对战：|r至高岭、风暴峡湾,1713,97118,0,1387709,2,26,4,6,7,0
锐利的眼神可以在暴雪之中认出一只雪兔。,|cFFFFD200宠物对战：|r至高岭,1714,97126,0,1387709,2,26,4,6,7,0
这种生物可以在近乎完全黑暗的环境中捕食。,|cFFFFD200商人出售：|r达姆斯|n|cFFFFD200地区：|r达拉然|n|cFFFFD200价格：|r100|Hitem:163036|h|TInterface\ICONS\INV_Currency_PetBattle.BLP:0|t|h,1715,97127,194393,1387709,2,26,2,6,7,0
一个年轻的伙伴，急需训练。,|cFFFFD200商人出售：|r麦琳·刀翼|n|cFFFFD200地区：|r阿苏纳|n|cFFFFD200阵营：|r守望者 - 崇敬|n|cFFFFD200价格：|r500|TINTERFACE\MONEYFRAME\UI-GOLDICON.BLP:0|t,1716,97128,210669,1387709,2,2,2,6,7,0
曾经是你的大敌，现在变成了可爱的朋友。,|cFFFFD200商人出售：|r首席奥术师塔莉萨|n|cFFFFD200地区：|r苏拉玛|n|cFFFFD200阵营：|r堕夜精灵 - 崇敬|n|cFFFFD200价格：|r500|TINTERFACE\MONEYFRAME\UI-GOLDICON.BLP:0|t,1717,97174,210671,1387707,5,2,2,399,398,0
你到底在看什么？！,|cFFFFD200职业大厅：|r恐痕裂隙，邪能之槌号,1718,97178,210672,1387707,5,18,4,39,7,0
你好。你在找我吗？,|cFFFFD200掉落：|r|n邪魂审判官|n|cFFFFD200地区：|r苏拉玛,1719,97179,210673,1387707,5,10,0,39,7,0
塞纳苟斯的重重重重重孙女。,|cFFFFD200任务：|r灭族危机|n|cFFFFD200地区：|r阿苏纳,1720,97207,193388,134155,1,66,1,6,7,0
它的鳞片带电，想抱抱它的话很不容易。,|cFFFFD200掉落：|r风暴之翼主母|n|cFFFFD200地区：|r风暴峡湾,1721,97205,193514,134158,1,2,0,6,7,0
沉睡的小宝贝啊，醒来吧，星光与露珠在等待着你。,|cFFFFD200宠物对战：|r|n翡翠梦魇,1722,97206,210674,134157,1,26,4,6,7,0
在朋友之间，一点小小的腐化又算什么？,|cFFFFD200掉落：|r伊森德雷|n|cFFFFD200地区：|r翡翠梦魇,1723,112015,210675,1354171,1,2,0,6,7,0
被诱拐的孩子流下的泪水落在一簇新落的雪花上，就变成了格噜噜。,|cFFFFD200世界事件：|r冬幕节,1725,97229,191967,1245298,0,2,6,6,7,0
这只蜘蛛的前腿几乎坚不可摧，让它可以钻入大部分地面。,|cFFFFD200宠物对战：|r至高岭,1726,97236,0,132196,7,26,4,6,7,0
它为什么叫做育儿蛛？它喜欢潜伏在托儿所里吗？它为什么喜欢那么做？它在那里做什么？噢，天啊！快来人去看看孩子们怎么样了！,|cFFFFD200商人出售：|r布琳妮|n|cFFFFD200地区：|r达拉然|n|cFFFFD200价格：|r200|TINTERFACE\MONEYFRAME\UI-GOLDICON.BLP:0|t|n|n|cFFFFD200商人出售：|r布琳妮|n|cFFFFD200地区：|r晶歌森林|n|cFFFFD200价格：|r200|TINTERFACE\MONEYFRAME\UI-GOLDICON.BLP:0|t,1727,97238,194357,236551,7,2,2,6,7,0
幼年指的是这只煤壳蟹的年纪，而不是它的成熟程度。,|cFFFFD200宠物对战：|r阿苏纳，艾萨拉之眼,1728,97283,0,132186,8,26,4,6,7,0
绿尾这个名字有点不恰当，因为它全身都是棕色的……,|cFFFFD200宠物对战：|r阿苏纳，艾萨拉之眼,1729,97294,0,254857,4,26,4,6,7,0
难道一个充斥着活蜘蛛的矿井还不够吓人吗？,|cFFFFD200世界事件：|r万圣节|n,1730,97324,0,236551,3,26,6,6,7,0
它就和普通的蜘蛛一样，只是充满了邪能而已。,|cFFFFD200宠物对战：|r阿苏纳、至高岭,1731,97323,0,134321,7,26,4,6,7,0
萤火虫在极为罕见的情况下会同步它们闪光的频率，营造出一幅异常壮观的景象，只有最幸运的冒险者才有机会一饱眼福。,|cFFFFD200宠物对战：|r瓦尔莎拉,1734,97511,0,236196,2,26,4,6,7,0
恐魔幼虫正在寻找宿主，以蚕食他们的梦境和恐惧。它很快就会成为宿主最可怕的梦魇。,|cFFFFD200宠物对战：|r瓦尔莎拉,1735,97531,0,134895,7,26,4,6,7,0
这些棕鳞蛇是非常温顺的生物。但是，因为它们可以与周围的环境融为一体，所以冒险者们很容易过分靠近它们的巢穴。其实大部分的攻击都是可以避免的。,|cFFFFD200宠物对战：|r苏拉玛，风暴峡湾，瓦尔莎拉,1736,97542,0,136040,7,26,4,6,7,0
谷地飞蛾的寿命一般都很长——直到人们发现可以用它们进行宠物对战为止。,|cFFFFD200宠物对战：|r瓦尔莎拉,1737,97547,0,236193,2,26,4,6,7,0
到底是棕色的尾巴上有三道白色条纹呢，还是白色的尾巴上有两道棕色条纹？,|cFFFFD200宠物对战：|r瓦尔莎拉,1738,97555,0,646059,4,26,4,6,7,0
它在泉水里会发出最耀眼的光芒，因此得名泉眼水黾。,|cFFFFD200宠物对战：|r瓦尔莎拉,1739,97559,0,643423,8,26,4,6,7,0
活的蛆虫会吃死尸，那亡灵蛆虫吃什么呢？,|cFFFFD200世界事件：|r万圣节|n,1740,97569,0,648918,3,26,6,6,7,0
迄今为止散播亡灵瘟疫的最佳方式。,|cFFFFD200世界事件：|r万圣节|n,1741,97568,0,515993,3,26,6,6,7,0
,,1742,97690,0,1387710,0,1072,-1,6,7,0
它的脚抓住猎物后通常都会被染成红色。,|cFFFFD200宠物对战：|r至高岭、风暴峡湾,1743,97741,0,462532,7,26,4,33,7,0
它会像雾气一般安静而神秘地消失。,|cFFFFD200宠物对战：|r至高岭、风暴峡湾,1744,97743,0,797544,7,26,4,33,7,0
,,1745,97818,0,656576,7,48,-1,6,7,0
,,1746,97823,0,236193,2,48,-1,6,7,0
,,1748,97826,0,132196,7,48,-1,6,7,0
你看到的最后一个画面将是一道红色的条纹。,|cFFFFD200宠物对战：|r风暴峡湾,1749,97840,0,133262,7,26,4,6,7,0
它不但不可怕，反而很可爱。,|cFFFFD200宠物对战：|r风暴峡湾,1750,97952,0,236548,3,26,4,6,7,0
有其父，必有其子。,|cFFFFD200世界事件：|r《魔兽世界》幻境新生：军团再临,1751,98004,193279,135705,7,16466,6,6,7,0
很奇怪，它在那件事发生之前就叫脆脆了。,|cFFFFD200掉落：|r坦帕克·烈焰图腾|n|cFFFFD200地区：|r至高岭,1752,98077,193368,133944,4,2,0,6,7,0
如果冥界鱿鱼吃掉区域里的大部分食物，那么它就可以回归螅虫形态，然后重新开始它的一生。,|cFFFFD200掉落：|r吸魂者|n|cFFFFD200地区：|r冥狱深渊,1753,98116,193434,970806,8,2,0,6,7,0
达拉然的排水系统并没有你想象得那么好。,|cFFFFD200商人出售：|r劳拉·马利|n|cFFFFD200地区：|r达拉然|n|cFFFFD200价格：|r250|TINTERFACE\ICONS\ACHIEVEMENT_KIRINTOR_OFFENSIVE.BLP:0|t|n,1754,98128,210677,970806,8,2,2,6,7,0
只要被它的触手抓住了，那不管你怎么挣扎也逃不掉，就像被它的爱套牢了一样。,|cFFFFD200商人出售：|r达姆斯|n|cFFFFD200地区：|r达拉然|n|cFFFFD200价格：|r50|Hitem:163036|h|TInterface\ICONS\INV_Currency_PetBattle.BLP:0|t|h,1755,98132,194330,970806,8,2,2,6,7,0
他喜欢玩泥巴！他也喜欢拥抱你！,|cFFFFD200专业技能：|r军团炼金术,1756,98172,210678,1044799,7,2,4,6,7,0
,|cFFFFD200宠物对战：|r,1757,98181,210679,1044799,7,50,4,6,7,0
,|cFFFFD200宠物对战：|r,1758,98182,210680,1044799,7,50,4,6,7,0
这配方有点太……紫了。,|cFFFFD200专业技能：|r军团炼金术,1759,98183,210681,1044799,7,2,4,6,7,0
就连小猪也逃不过燃烧军团的腐蚀。不过，这一只看起来不像是有害的样子。,|cFFFFD200商人出售：|r达姆斯|n|cFFFFD200地区：|r达拉然|n|cFFFFD200价格：|r 200|Hitem:163036|h|TInterface\ICONS\INV_Currency_PetBattle.BLP:0|t|h,1760,98185,194294,1240370,7,2,2,6,7,0
大多数蝙蝠都有视力，除了这一只。这一只是瞎的。,|cFFFFD200宠物对战：|r至高岭,1761,88542,0,132182,2,26,4,6,7,0
千万别在它面前发出“哼哼”的声音。,|cFFFFD200宠物对战：|r至高岭,1762,98192,0,132182,2,26,4,6,7,0
它是从新河狸镇大老远赶来的。,|cFFFFD200宠物对战：|r至高岭,1763,98211,0,645526,7,26,4,6,7,0
由悬槌堡的食人魔法师充能，这个渴望法力的生物会在不知不觉中吸干你。,|cFFFFD200掉落：|r鲁克都格|n|cFFFFD200地区：|r纳格兰,1764,98236,193572,237228,5,2,0,6,7,0
一只由纯净的魔法能量构成的发光生物，令人难以直视。,|cFFFFD200掉落：|r甘克|n|cFFFFD200地区：|r纳格兰,1765,98238,193589,237230,5,2,0,6,7,0
最早是由悬槌堡的符文形成，这只小小的嗜魔者真的非常凶猛！,|cFFFFD200掉落：|r普格|n|cFFFFD200地区：|r纳格兰,1766,98237,193588,237227,5,2,0,6,7,0
,,1770,98294,0,134060,7,48,-1,6,7,0
,,1771,98295,0,877476,7,48,-1,6,7,0
,,1772,98296,0,1044482,7,48,-1,6,7,0
法师们会寻找这种嗜魔者，以吸取它们的魔网能量。,|cFFFFD200宠物对战：|r阿苏纳,1773,98385,0,135735,5,26,4,6,7,0
嗜魔者吞噬了足够的魔网能量以后，就会变得更加扭曲并且更具攻击性。接近它的时候一定要多加小心。,|cFFFFD200宠物对战：|r阿苏纳,1774,98386,0,1391780,5,26,4,6,7,0
这种沙蟹还是幼体时，它的钳子就可以夹断骨头。,|cFFFFD200宠物对战：|r至高岭,1775,98428,0,132186,8,26,4,6,7,0
猜猜它把什么东西当床了——一块面包。,|cFFFFD200宠物对战：|r至高岭,1776,98446,0,442735,4,26,4,6,7,0
我是布鲁特。,|cFFFFD200职业大厅：|r梦境林地,1777,98463,193943,874857,6,82,0,6,7,0
这种神出鬼没的生物喜欢躲在冒险者很少踏足的地方。,|cFFFFD200宠物对战：|r达拉然,1778,98506,0,132331,4,26,4,6,7,0
,,1780,98595,0,254857,4,32,4,6,7,0
,,1781,98593,0,132186,8,32,4,6,7,0
,,1782,98592,0,134048,3,32,0,6,7,0
,,1787,99017,0,874857,6,32,-1,6,7,0
,,1788,99016,0,132833,2,32,-1,6,7,0
,,1789,99015,0,133939,6,32,-1,6,7,0
,,1790,99085,0,133798,3,2080,-1,6,7,0
,,1791,99086,0,838549,5,32,-1,6,7,0
,,1792,99084,0,132172,2,32,-1,6,7,0
,,1793,99156,0,294475,4,32,-1,6,7,0
,,1794,99151,0,897633,9,32,-1,6,7,0
,,1795,99186,0,615479,0,32,-1,6,7,0
,,1796,99185,0,132200,2,32,-1,6,7,0
,,1797,99187,0,134154,1,32,-1,6,7,0
,,1798,99158,0,804966,8,32,-1,6,7,0
,,1799,99245,0,656556,0,32,-1,6,7,0
,,1800,99239,0,132186,8,32,-1,6,7,0
,,1801,99243,0,464160,2,32,-1,6,7,0
在外面呆了一宿以后，法师们发现他们的水元素闻起来不对劲了。,|cFFFFD200掉落：|r恶臭的波洛斯|n|cFFFFD200地区：|r瓦尔莎拉,1802,99394,195368,132886,6,2,0,6,7,0
离开森林去看世界——外面的世界对于这个小家伙来说肯定特别大。,|cFFFFD200掉落：|r织梦者补给|n,1803,99389,195369,463540,0,2,0,41,7,0
永远那么可爱。,|cFFFFD200掉落：|r黑暗之影|n|cFFFFD200地区：|r瓦尔莎拉,1804,99403,195370,132225,3,2,0,6,7,0
待售：九成新的报警机器人。已经重新设计翻新。依旧那么烦人。,|cFFFFD200商人出售：|r达姆斯|n|cFFFFD200地区：|r达拉然|n|cFFFFD200价格：|r200|Hitem:163036|h|TInterface\ICONS\INV_Currency_PetBattle.BLP:0|t|h,1805,99425,210682,133001,9,2,2,6,7,0
不想为购买新机器人而搞得倾家荡产？只要半价就能拥有这个小帮手！快到地精实验工程学协会下单吧！一经售出，概不退货。,|cFFFFD200掉落：|r布林顿6000礼包|n,1806,99505,210683,1005279,9,2,0,39,7,0
红色代表着最凶残好斗的血统。,|cFFFFD200宠物对战：|r苏拉玛,1807,99513,0,1387708,7,26,4,6,7,0
当恶魔，梦魇与魔法发生碰撞！,|cFFFFD200宝藏：|r苏拉玛|n,1808,99526,210691,1387708,7,2,3,6,7,0
由于在魔力晶簇旁边呆得太久，这些幼兽的身体变得像岩石一样坚硬。,|cFFFFD200宠物对战：|r苏拉玛,1809,99527,0,1387708,7,26,4,6,7,0
这些生物的牙齿、节肢和腹腔周围长出了几丁质甲壳。 ,|cFFFFD200宠物对战：|r苏拉玛,1810,99528,0,1387708,7,26,4,6,7,0
,,1811,98572,0,1006111,6,1072,-1,6,7,0
,,1815,99742,0,526578,6,1072,-1,6,7,0
,,1816,99856,0,254109,6,1072,-1,6,7,0
,,1817,99874,0,254109,5,1072,-1,6,7,0
,,1818,99876,0,254109,9,1072,-1,6,7,0
这位智商超群的猩猩声称自己来自‘月球’，不知道他说的是皎白女士，还是幽蓝之子？,|cFFFFD200特殊：|r《守望先锋》典藏版|n,1828,103159,204148,1303199,0,82,7,6,7,0
,,1840,104558,0,442735,4,32,-1,6,7,0
,,1841,104559,0,442735,4,32,-1,6,7,0
,,1842,104560,0,442735,4,32,-1,6,7,0
,,1843,104782,0,1279720,7,9264,-1,6,7,0
,,1846,104972,0,237513,5,32,-1,6,7,0
,,1847,104975,0,460856,0,32,-1,6,7,0
,,1848,104978,0,133941,6,32,-1,6,7,0
,,1849,104992,0,136199,5,1056,-1,6,7,0
,,1850,105009,0,463540,0,9248,-1,6,7,0
,,1851,105090,0,294481,6,32,-1,6,7,0
,,1852,105087,0,525026,6,32,-1,6,7,0
,,1853,105086,0,1044088,6,32,-1,6,7,0
,,1855,105241,0,647701,4,1072,4,6,7,0
,,1857,105260,0,667690,2,32,4,6,7,0
,,1858,105261,0,397907,5,32,-1,6,7,0
,,1859,105262,0,433440,8,32,3,6,7,0
,,1860,105318,0,236551,7,32,4,6,7,0
,,1861,105319,0,132182,2,32,4,6,7,0
,,1862,105320,0,801475,7,32,0,6,7,0
,,1863,105353,0,237228,5,32,5,6,7,0
,,1864,105356,0,237230,5,32,5,6,7,0
,,1865,105355,0,237227,5,32,5,6,7,0
,,1866,105389,0,132276,7,32,-1,6,7,0
,,1867,105391,0,620829,7,32,-1,6,7,0
,,1868,105453,0,132123,3,32,4,6,7,0
,,1869,105454,0,134048,3,32,0,6,7,0
,,1870,105452,0,627487,6,32,-1,6,7,0
,,1871,105499,0,851119,3,32,-1,6,7,0
,,1872,105500,0,1349535,3,32,-1,6,7,0
,,1873,105675,0,798062,9,32,-1,6,7,0
,,1874,105677,0,134324,4,32,-1,6,7,0
,,1875,105678,0,804968,8,32,-1,6,7,0
,,1877,105782,0,1387707,5,32,-1,6,7,0
,,1878,105783,0,1387707,5,32,-1,6,7,0
,,1879,105784,0,1387707,5,32,-1,6,7,0
,,1880,105840,0,136118,3,1074,-1,6,7,0
,,1881,105841,0,1129435,0,1056,7,6,7,0
,,1882,105842,0,377270,1,1056,0,6,7,0
,,1883,105898,0,1391617,8,1056,0,6,7,0
幼年大角鹿这个名字真有趣，不是吗？,|cFFFFD200商人出售|r兰莎·灰羽|n|cFFFFD200地区：|r至高岭|n|cFFFFD200阵营：|r高岭部族 - 崇敬|n|cFFFFD200价格： |r500|TINTERFACE\MONEYFRAME\UI-GOLDICON.BLP:0|t,1884,106152,210694,1387706,7,2,2,6,7,0
奥丁出现时，瓦格里将被尊为“太阳之子”。,|cFFFFD200商人出售：|r瓦德玛尔·逐风|n|cFFFFD200地区：|r风暴峡湾|n|cFFFFD200阵营：|r瓦拉加尔 - 崇敬|n|cFFFFD200价格：|r500|TINTERFACE\MONEYFRAME\UI-GOLDICON.BLP:0|t,1885,106181,210695,1349535,0,2,2,6,7,0
想过要拥抱一把枪吗？请允许我向你介绍崔格尔，一个可爱的射手。,|cFFFFD200专业技能：|r军团工程学|n,1886,106210,210696,1336885,9,2,3,6,7,0
在故乡，他指挥着万千恶魔大军。现在他将听从你的命令。去让他跟小鸡对战吧！,|cFFFFD200专业技能：|r考古学,1887,106232,210697,1387710,0,2,3,6,7,0
没人知道疯狂的商人是怎么搞到这种异界生物的。但我们可以确定，他非常明白它的价值。,|cFFFFD200商人出售：|r|n疯狂的商人|n,1888,106270,210698,1338948,5,18,2,6,7,0
魔蝠的火焰绝不会烧到它的主人。,|cFFFFD200世界事件：|r|n军团入侵|n,1889,106278,210699,1338893,2,2,4,6,7,0
细细的腿更符合空气动力学原理。,|cFFFFD200商人出售：|r历史学家玛蒂|n|cFFFFD200地区：|r塔纳利斯|n|cFFFFD200价格：|r200|Hcurrency:1166|h|TInterface\ICONS\PVECurrency-Justice.blp:0|t|h,1890,106283,210701,1339013,7,18,2,6,7,0
,,1891,106417,0,669468,6,9248,4,6,7,0
,,1892,106422,0,656556,0,32,4,6,7,0
,,1893,106423,0,656556,0,32,4,6,7,0
,,1894,106424,0,656556,0,32,4,6,7,0
,,1895,106525,0,1387709,2,32,4,6,7,0
,,1896,106535,0,515993,4,32,4,6,7,0
,,1897,106553,0,133740,5,32,4,6,7,0
,,1898,106554,0,236548,3,32,4,6,7,0
,,1899,106555,0,236193,2,32,4,6,7,0
它也许不是最快的蜗牛，但它有一颗冠军的心。,|cFFFFD200成就：|r|n闪电奇兵！,1903,107206,0,1100022,4,82,5,6,7,0
,,1904,107491,0,1339013,7,32,-1,6,7,0
,,1905,107492,0,1339013,7,32,-1,6,7,0
,,1906,107493,0,1044792,6,32,-1,6,7,0
拜托，不要拿体型开玩笑。,|cFFFFD200掉落：|r血喙|n|cFFFFD200地区：|r瓦尔莎拉,1907,108568,215560,1029736,2,2,0,6,7,0
这些迅捷的游泳健将是宠物收藏家的最爱。虽然它们看上去很友好，但它们尾巴上的针可是见血封喉的。,|cFFFFD200商人出售：|r咒法师马戈斯|n|cFFFFD200地区： |r达拉然|n|cFFFFD200阵营： |r咒法师马戈斯 - 友善|n|cFFFFD200售价： |r50|TINTERFACE\ICONS\INV_ELEMENTAL_PRIMAL_WATER.BLP:0|t,1911,109216,217218,1387376,8,2,2,6,7,0
嗯嗯……披萨！,|cFFFFD200宠物对战：|r达拉然,1912,110666,0,656341,8,26,4,6,7,0
你把它的父母弄到哪儿去了？你这个怪物。,|cFFFFD200宠物对战：|r瓦尔莎拉,1913,110741,0,1383844,4,26,4,6,7,0
它喜欢在海滩上漫步。,|cFFFFD200宠物对战：|r阿苏纳，艾萨拉之眼，苏拉玛,1914,110826,0,838694,2,26,4,6,7,0
你看到它们是怎么跑的了吗？,|cFFFFD200宠物对战：|r达拉然下水道,1915,111158,0,134324,4,26,4,6,7,0
它本来是一只普通的河狸，但有一次被一道闪电、一只风暴之翼幼龙的吐息和一块石头同时击中了。,|cFFFFD200宠物对战：|r风暴峡湾,1917,111172,0,796787,6,26,4,6,7,0
也许有点过于热情了。,|cFFFFD200PvP：|r荣誉等级20级奖励|n|n|cFFFFD200商人出售：|r罗伯茨上尉|n|cFFFFD200地区：|r达拉然|n|cFFFFD200价格：|r500|TINTERFACE\MONEYFRAME\UI-GOLDICON.BLP:0|t|n|n|cFFFFD200商人出售：|r弗雷泽元帅|n|cFFFFD200地区：|r提拉加德海峡|n|cFFFFD200价格：|r500|TINTERFACE\MONEYFRAME\UI-GOLDICON.BLP:0|t|n|n|cFFFFD200商人出售：|r骑士队长杰西卡|n|cFFFFD200地区：|r暴风城|n|cFFFFD200价格：|r500|TINTERFACE\MONEYFRAME\UI-GOLDICON.BLP:0|t,1918,111202,221684,1387710,0,131666,5,6,7,0
让粉丝狂热起来！,|cFFFFD200PvP:|r荣誉等级20级奖励|n|n|cFFFFD200商人出售：|r狂野的萨拉|n|cFFFFD200地区：|r达拉然|n|cFFFFD200价格：|r500|TINTERFACE\MONEYFRAME\UI-GOLDICON.BLP:0|t|n|n|cFFFFD200商人出售：|r维奥莱特·影愈|n|cFFFFD200地区：|r祖达萨|n|cFFFFD200价格：|r500|TINTERFACE\MONEYFRAME\UI-GOLDICON.BLP:0|t|n|n|cFFFFD200商人出售：|r军团士兵沃拉迪斯|n|cFFFFD200地区：|r奥格瑞玛|n|cFFFFD200价格：|r500|TINTERFACE\MONEYFRAME\UI-GOLDICON.BLP:0|t,1919,111296,221683,1387710,0,131410,5,6,7,0
当炼金术惹出麻烦的时候……那就一定是非常非常大的麻烦。,|cFFFFD200专业技能：|r军团炼金术|n,1920,111425,221906,463532,5,2,3,33,7,0
幼龙的情绪主要取决于你给它喂食法力的时间间隔。记得喂你的宠物。,|cFFFFD200任务：|r饶恕的平衡|n|cFFFFD200地区：|r苏拉玛,1921,111423,221907,132841,5,2,1,6,7,0
那是一只鸟！不对，是一只猫！总之……它咬了我……,|cFFFFD200任务：|r救助小猫|n|cFFFFD200地区：|r苏拉玛,1922,111421,221908,132116,7,2,1,6,7,0
几千年以前，十位魔导师由于在腐化的黑暗中寻求力量被上层精灵驱逐。在荒野之中，他们遇到了饥渴，绝望，以及库苏莫斯。,|cFFFFD200掉落：|r饥渴的库苏莫斯|n,1926,111984,223027,537022,5,2,0,6,7,0
阿什阿拉产下的幼崽之一，是织梦者托付给你的。,|cFFFFD200商人出售：|r西尔维娅·鹿角|n|cFFFFD200地区：|r瓦尔莎拉|n|cFFFFD200阵营：|r织梦者 - 崇敬|n|cFFFFD200价格：|r500|TINTERFACE\MONEYFRAME\UI-GOLDICON.BLP:0|t,1927,17254,30152,132267,7,66,2,6,7,0
让它烧起来！,|cFFFFD200任务：|r好朋友，不是储备粮|n,1928,112132,223339,1338893,2,66,10,6,7,0
矮脚狗中最忠心的朋友。,|cFFFFD200任务：|r好！萌！啊！|n,1929,112144,223359,1339013,7,66,10,6,7,0
这些海底生物最喜欢在狭小的空间里滑行，经常潜伏在沉船的残骸中。,|cFFFFD200成就：|r不幸的幽灵|n,1930,112167,223409,133897,8,82,4,6,7,0
鬼魂都是非常贪心的读者。,|cFFFFD200商人出售：|r维里迪斯·法隆|n|cFFFFD200地区：|r阿苏纳|n|cFFFFD200阵营：|r法罗迪斯宫廷 - 崇敬|n|cFFFFD200价格：|r500|TINTERFACE\MONEYFRAME\UI-GOLDICON.BLP:0|t,1931,112728,224403,355498,5,2,2,6,7,0
鞭笞者就算换了名字，闻上去也还是那么的芬芳。,|cFFFFD200职业大厅：|r梦境林地,1932,112798,224536,959797,6,18,4,6,7,0
他和幼儿园里其他植物玩不来。,|cFFFFD200成就：|r全谱系制霸|n|cFFFFD200类型：|r对战,1933,112945,224786,1357816,6,82,5,6,7,0
阿纳克斯的弟弟。塞纳克斯和德纳克斯的哥哥。,|cFFFFD200掉落： |r阿纳克斯|n|cFFFFD200地区：|r苏拉玛,1934,113136,225200,804967,8,2,0,6,7,0
在每年的一段特殊日子里，一个秘密的鱼人氏族总会把年幼的蝌蚪派出去探索，冒险，开始书写他们的传奇。,|cFFFFD200宠物对战：|r无尽之海,1935,113440,0,1450884,0,26,4,6,7,0
在燃烧军团归来之际，这只凶猛的猫科动物跟随邪能大军进入了艾泽拉斯。,|cFFFFD200游戏商城|r|n,1936,113527,225761,1411879,7,82,9,6,7,0
用魔法构成的、充满智慧的头颅，包裹在圆球里，长着卡德加的脸。它只能用几个词来回答问题。,|cFFFFD200任务：|r四面遇敌|n,1937,113827,226682,1129713,5,146,1,6,7,0
只要你付出足够的爱，和几瓶牛奶，她就可以变得强壮，重新回归荒野。,|cFFFFD200成就：|r破碎群岛猎人|n|cFFFFD200类型：|r收藏,1938,113855,226813,1383844,4,82,5,6,7,0
作为部落骄傲的支持者，这只小鱼人离开了它的巢穴，看见穿蓝衣服的敌人就杀。,|cFFFFD200特殊：|r2016年暴雪嘉年华,1939,113984,227051,1411890,0,338,7,6,7,0
作为联盟的小小仰慕者，这只勇敢鱼人带着自己的剑和盾，看见穿红衣服的敌人就杀。,|cFFFFD200特殊：|r2016年暴雪嘉年华|n,1940,113983,227052,1411878,0,594,7,6,7,0
萨尔的霜狼，雪歌的幼崽。战胜了她的你赢得了一个终生的伙伴。,|cFFFFD200宠物对战：|r雪歌|n,1941,114063,227093,1488892,7,18,4,6,7,0
兔子为什么会下蛋？,|cFFFFD200世界事件：|r复活节|n|cFFFFD200商人出售：|r复活节商人|n|cFFFFD200价格：|r200|TINTERFACE\ICONS\Achievement_Noblegarden_Chocolate_Egg:0|t,1943,33975,227113,254858,4,2,6,6,7,0
谁想来个热石按摩吗？,|cFFFFD200世界事件：|r仲夏火焰节|n|cFFFFD200商人出售：|r仲夏商人、仲夏补给商|n|cFFFFD200价格：|r350|TINTERFACE\ICONS\INV_SummerFest_FireFlower:0|t,1949,114543,0,1020381,6,2,6,36,7,0
人们在银色比武场的地底深处发现了一窝属于酸喉和恐鳞的蛋。,|cFFFFD200掉落：|r冰吼|n|cFFFFD200地区：|r十字军的试炼,1952,115135,229090,236197,7,2050,0,6,7,0
只要他不骑在你头上，就容易接受多了。,|cFFFFD200掉落：|r冰吼|n|cFFFFD200地区：|r十字军的试炼,1953,115136,229091,134168,0,2,0,6,7,0
直到今天，诺森德的地下还生活着无数这种跳来跳去的小梦魇。,|cFFFFD200掉落：|r阿努巴拉克|n|cFFFFD200地区：|r十字军的试炼,1954,115137,229092,236463,3,2,0,6,7,0
在冰与火永恒的拉锯中，这些暴怒的烈焰总是活跃在战火纷飞的第一线。,|cFFFFD200掉落：|r掌炉者伊格尼斯|n|cFFFFD200地区：|r奥杜尔,1955,115138,229093,236297,6,2,0,6,7,0
奥杜尔的居民将小龙宝宝都变成了装甲怪物。,|cFFFFD200掉落：|r锋鳞|n|cFFFFD200地区：|r奥杜尔,1956,115139,229094,298670,1,2,0,34,7,0
奥杜尔的符文熔铸哨兵无需充能，能够不眠不休地行进。,|cFFFFD200掉落：|r钢铁议会|n|cFFFFD200地区：|r奥杜尔,1957,115140,229095,254109,9,2,0,6,7,0
只要挠它的肚子超过两次，它就会扑向你。,|cFFFFD200掉落：|r欧尔莉亚|n|cFFFFD200地区：|r奥杜尔,1958,115141,229096,133236,5,2050,0,6,7,0
在冰与火永恒的拉锯中，这些冷漠的坚冰组成了无穷无尽的防线。,|cFFFFD200宝藏：|r霍迪尔的宝箱|n|cFFFFD200地区：|r奥杜尔,1959,115142,229097,135988,6,2,0,6,7,0
这些发光的幼芽受到过艾欧娜尔的祝福。,|cFFFFD200宝藏：|r弗蕾亚的礼物|n|cFFFFD200地区：|r奥杜尔,1960,115143,229098,134182,6,2050,0,6,7,0
次世代废料机器人技术：将废料堆在一起，然后通过喷火口和火箭将其销毁。,|cFFFFD200宝藏：|r发明宝箱|n|cFFFFD200地区：|r奥杜尔,1961,115144,229099,254102,9,2,0,6,7,0
这根触须让人深感不安，最好不要盯着它看太久。,|cFFFFD200掉落：|r尤格-萨隆|n|cFFFFD200地区：|r奥杜尔,1962,115145,229100,254105,5,2050,0,6,7,0
一小块玛洛加尔领主的碎片，它会不断攻击你的小腿。,|cFFFFD200掉落：|r玛洛加尔领主|n|cFFFFD200地区：|r冰冠堡垒,1963,115146,229101,342917,3,2,0,6,7,0
它好像真的很想触摸你，可为什么呢？,|cFFFFD200宝藏：|r死亡使者的箱子|n|cFFFFD200地区：|r冰冠堡垒,1964,115147,229102,1357798,5,2,0,33,7,0
有关“那是什么味道？”这个问题永恒的答案。,|cFFFFD200掉落：|r普崔塞德教授|n|cFFFFD200地区：|r冰冠堡垒,1965,115148,229103,348273,3,2050,0,36,7,0
巫妖王当着骨龙辛达苟萨的面将她失落幼崽的灵魂化为了亡灵，作为对这头巨龙最大的侮辱。,|cFFFFD200掉落：|r辛达苟萨|n|cFFFFD200地区：|r冰冠堡垒,1966,115149,229104,134155,3,2,0,6,7,0
巫妖王在最后一战中召唤出的无穷食尸鬼中的一员，它将永远在这个世界上徘徊。,|cFFFFD200掉落：|r巫妖王|n|cFFFFD200地区：|r冰冠堡垒,1967,115150,229105,1100170,3,2,0,6,7,0
一条顽固的灵魂，曾被囚禁在霜之哀伤中，现在则不安地在两个世界间徘徊。,|cFFFFD200掉落：|r巫妖王|n|cFFFFD200地区：|r冰冠堡垒,1968,115152,229106,460857,3,2,0,6,7,0
最终，我们都将化为星尘。,|cFFFFD200任务：|r来自星界的邀请|n|cFFFFD200地区：|r风暴峭壁,1969,115158,229110,1338949,5,82,1,33,7,0
,,1971,115308,0,368365,1,48,-1,6,7,0
,,1972,115306,0,1338949,5,48,0,6,7,0
,,1973,115313,0,1338948,5,48,-1,6,7,0
雪羽隼龙的幼崽在受到威胁时，会凭借本能逃到成年隼龙身边去。这个品种的隼龙特别偏爱大型猎物。,|cFFFFD200角色：|r失怙的雪羽龙|n,1974,115784,230073,1332549,2,82,0,6,7,0
恐嘴隼龙比其他品种的隼龙更加健壮，但嗅觉没有那么灵敏。它们喜欢刺激性的食物，经常吃已经在太阳下暴晒了数天的腐肉。,|cFFFFD200角色：|r失怙的恐嘴龙|n,1975,115785,230074,1332548,2,82,0,6,7,0
利爪隼龙完全能够靠少量坚果和浆果存活，它们的爪子通常都是用来防身的。,|cFFFFD200角色：|r失怙的利爪龙|n,1976,115786,230075,1332547,2,82,0,6,7,0
虽然看起来凶猛，但血眼隼龙的喙更适合啄食水果。,|cFFFFD200角色：|r失怙的血眼龙|n,1977,115787,230076,1332546,2,82,0,6,7,0
在见证了你在战斗时的英姿后，这位侍从就决定向你效忠了。,|cFFFFD200PvP：|r荣誉等级5级奖励|n|n|cFFFFD200商人出售：|r罗伯茨上尉|n|cFFFFD200地区：|r达拉然|n|cFFFFD200价格：|r500|TINTERFACE\MONEYFRAME\UI-GOLDICON.BLP:0|t|n|n|cFFFFD200商人出售：|r弗雷泽元帅|n|cFFFFD200地区：|r提拉加德海峡|n|cFFFFD200价格：|r500|TINTERFACE\MONEYFRAME\UI-GOLDICON.BLP:0|t|n|n|cFFFFD200商人出售：|r骑士队长杰西卡|n|cFFFFD200地区：|r暴风城|n|cFFFFD200价格：|r500|TINTERFACE\MONEYFRAME\UI-GOLDICON.BLP:0|t,1978,115918,230443,1498974,0,131794,5,41,7,0
在见证了你在战斗时的英姿后，这个蛮兵就决定向你效忠了。,|cFFFFD200PvP：|r荣誉等级5级奖励|n|n|cFFFFD200商人出售：|r狂野的萨拉|n|cFFFFD200地区：|r达拉然|n|cFFFFD200价格：|r500|TINTERFACE\MONEYFRAME\UI-GOLDICON.BLP:0|t|n|n|cFFFFD200商人出售：|r维奥莱特·影愈|n|cFFFFD200地区：|r祖达萨|n|cFFFFD200价格：|r500|TINTERFACE\MONEYFRAME\UI-GOLDICON.BLP:0|t|n|n|cFFFFD200商人出售：|r军团士兵沃拉迪斯|n|cFFFFD200地区：|r奥格瑞玛|n|cFFFFD200价格：|r500|TINTERFACE\MONEYFRAME\UI-GOLDICON.BLP:0|t,1979,115919,230444,1498975,0,131538,5,41,7,0
,,1981,116077,0,132200,2,48,-1,6,7,0
,,1982,116078,0,132200,2,48,-1,6,7,0
,,1983,116079,0,132200,2,48,-1,6,7,0
克丽萨在旅行过程中收集了许多珍惜的鸟类，而这只雏鸟就是其中最稀有的一只。,|cFFFFD200掉落：|r撕碎的宠物补给袋|n,1984,116080,231017,132200,2,2,0,6,7,0
,,1987,116787,0,132209,2,48,-1,6,7,0
,,1988,116788,0,656553,8,48,-1,6,7,0
,,1989,116786,0,132193,7,48,-1,6,7,0
,,1990,116789,0,132111,7,9264,-1,6,7,0
,,1991,116790,0,237237,7,48,-1,6,7,0
,,1992,116791,0,237179,7,48,-1,6,7,0
,,1993,116792,0,237242,7,48,-1,6,7,0
,,1994,116793,0,237234,7,9264,-1,6,7,0
,,1995,116794,0,136007,5,48,-1,6,7,0
,,1996,116795,0,132371,6,9264,-1,6,7,0
他们说舰队上将特塞斯忠诚的鹦鹉从来不离开他的身边——或者他的肩膀。特塞斯吹个口哨他就会出现了。,|cFFFFD200职业大厅：|r暗影大厅,1997,116871,232867,1045161,2,18,1,6,7,0
在哀嚎洞穴的丰饶土地上，生命不会真正逝去。,|cFFFFD200掉落：|r受潮的宠物补给品|n,1998,117180,233331,571318,6,2,0,6,7,0
这条蛇似乎很习惯呆在你身边，也许它以前是另一只利爪德鲁伊的伙伴。,|cFFFFD200掉落：|r受潮的宠物补给品|n,1999,117182,233333,237237,7,2,0,6,7,0
并没有被哀嚎洞穴中的诅咒触碰过。,|cFFFFD200掉落：|r受潮的宠物补给品|n,2000,117184,233335,132209,2,2,0,6,7,0
这个小机器人擅长钻洞、固定以及从脑子里发射闪电，一看就是侏儒的发明。,|cFFFFD200掉落：|r麻风宠物补给袋|n,2001,117340,233647,1548512,9,2,0,6,7,0
它一直在呕吐瘟疫液体。它来自哪里？去向何方？,|cFFFFD200世界事件：|r万圣节|n|cFFFFD200商人出售：|r沃姆|n|cFFFFD200地区：|r提瑞斯法林地|n|cFFFFD200价格：|r150|TINTERFACE\ICONS\achievement_halloween_candy_01:0|t|n|n|cFFFFD200商人出售：|r皮皮|n|cFFFFD200地区：|r暴风城|n|cFFFFD200价格：|r150|TINTERFACE\ICONS\achievement_halloween_candy_01:0|t|n,2002,117341,233649,1548513,3,2,6,6,7,0
它的创造者是一位力量非凡而且品行高贵，但是不想穿有口袋的法袍的巫师。,|cFFFFD200成就：|r宠物大师|n|cFFFFD200分类：|r收集,2003,117343,233650,1551374,6,82,5,400,401,0
你是怎么干掉生活在垃圾堆里的家伙的？,|cFFFFD200商人出售：|r咒法师马戈斯|n|cFFFFD200地区：|r达拉然|n|cFFFFD200阵营：|r咒法师马戈斯 - 挚友|n|cFFFFD200价格：|r50|TINTERFACE\ICONS\INV_ELEMENTAL_MOTE_WATER01:0|t,2004,117371,233805,646059,4,82,2,6,7,0
,,2008,117979,0,254502,5,32,-1,6,7,0
,,2009,117980,0,236407,5,32,0,6,7,0
,,2010,117981,0,135794,6,32,-1,6,7,0
,,2011,117982,0,460856,0,131104,0,6,7,0
,,2012,117983,0,1100177,5,32,0,6,7,0
,,2013,117985,0,136220,0,32,0,6,7,0
,,2014,117986,0,136030,6,32,0,6,7,0
,,2015,117987,0,1100171,8,32,0,6,7,0
,,2016,117988,0,134048,3,32,0,6,7,0
永恒龙军团有丰富的多样性，远超大部分艾泽拉斯居民的想象。,|cFFFFD200商人出售：|r织雾者夏儿|n|cFFFFD200地区：|r永恒岛|n|cFFFFD200价格：|r2200|Hcurrency:1166|h|TInterface\Icons\pvecurrency-justice.BLP:0|t|h,2017,118060,234555,651733,1,18,2,6,7,0
它是包裹在神秘谜团中的谜团。,|cFFFFD200商人出售：|r织雾者夏儿|n|cFFFFD200地区：|r永恒岛|n|cFFFFD200价格：|r2200|Hcurrency:1166|h|TInterface\Icons\pvecurrency-justice.BLP:0|t|h,2018,118063,234556,656560,6,18,2,36,7,0
一个可怕的梦魇，你很惊讶它居然是真实存在的。,|cFFFFD200商人出售：|r奎肯布什|n|cFFFFD200地区：|r矿道地铁|n|cFFFFD200价格：|r500|TINTERFACE\MONEYFRAME\UI-GOLDICON.BLP:0|t|n|cFFFFD200声望：|r比兹莫搏击俱乐部，3级|n|n|cFFFFD200商人出售：|r保尔·诺斯|n|cFFFFD200地区：|r搏击竞技场|n|cFFFFD200价格：|r500|TINTERFACE\MONEYFRAME\UI-GOLDICON.BLP:0|t|cFFFFD200声望：|r搏击竞技场，3级,2022,119040,236285,1019377,0,18,2,6,7,0
,,2023,119346,0,133730,3,48,-1,6,7,0
,,2024,119345,0,877482,7,9264,-1,6,7,0
,,2025,119344,0,136036,2,9264,-1,6,7,0
,,2026,119343,0,515993,4,9264,7,6,7,0
,,2027,119342,0,237011,6,48,0,6,7,0
,,2028,119341,0,877482,7,9264,-1,6,7,0
,,2031,119409,0,134065,9,1072,-1,6,7,0
,,2032,119407,0,134062,5,1072,3,6,7,0
,,2033,119408,0,236926,0,1072,7,6,7,0
和其他巨龙不一样，吸血巨龙会吸干敌人的鲜血，而不是把他们整个吞下去。,|cFFFFD200商人出售：|r斯莱米|n|cFFFFD200地区：|r阿彻鲁斯：黑锋要塞|n|cFFFFD200价格：|r1000|Hcurrency:1220|h|TInterface\Icons\inv_orderhall_orderresources.BLP:0|t|h,2035,119498,237250,1580449,3,82,2,6,7,0
在死亡骑士的部队中，冰霜巨龙是最强大的单位。这头雏龙也不例外。,|cFFFFD200商人出售：|r斯莱米|n|cFFFFD200地区：|r阿彻鲁斯：黑锋要塞|n|cFFFFD200价格：|r1000|Hcurrency:1220|h|TInterface\Icons\inv_orderhall_orderresources.BLP:0|t|h,2036,119499,237251,1580450,3,82,2,6,7,0
属于生化危害。请戴手套触摸。,|cFFFFD200商人出售：|r斯莱米|n|cFFFFD200地区：|r阿彻鲁斯：黑锋要塞|n|cFFFFD200价格：|r1000|Hcurrency:1220|h|TInterface\Icons\inv_orderhall_orderresources.BLP:0|t|h,2037,119500,237252,1580451,3,82,2,6,7,0
,,2038,119754,0,134324,4,48,4,6,7,0
,,2039,119756,0,136036,2,48,-1,6,7,0
,,2040,119760,0,2027925,8,48,4,6,7,0
重拳先生一直都把这个放在后备箱里，但遇事还是喜欢拿上他的锤子。现在看来，这实在是个错误。,|cFFFFD200商人出售：|r“掮客”马库斯·布朗|n|cFFFFD200地区：|r西部荒野,2041,119794,0,1373903,9,18,2,6,7,0
他是个懦弱的伙伴，因为他没有胆……,|cFFFFD200掉落：|r可疑的虫语者箱子|n|cFFFFD200地区：|r破碎海滩,2042,120397,240064,135551,3,2,0,6,7,0
虽然看起来凶猛，但血眼隼龙的喙更适合啄食水果。,|cFFFFD200角色：|r失怙的血眼龙|n,2046,120591,240385,1332546,2,112,0,6,7,0
请允许我介绍，雪怒家族最年轻的成员！班禄之女，雪福的侄女，至尊天神雪怒的孙女……她就是班福！,|cFFFFD200商人出售：|r梅琴乐|n|cFFFFD200地区：|r迷踪岛|n|cFFFFD200价格：|r1000|Hcurrency:1220|h|TInterface\Icons\inv_orderhall_orderresources.BLP:0|t|h,2047,120830,240794,1598223,7,82,2,6,7,0
真是个好孩子。,|cFFFFD200Drop:|r PH|n,2048,120973,241072,1600298,6,16416,0,6,7,0
他非常友善，但任何形式的拥抱都会令你遭受严重的电击。,|cFFFFD200成就：|r宠物对战挑战：哀嚎洞穴,2049,121317,242047,134310,7,82,5,33,7,0
破碎海滩上肯定有许多这种小家伙。,|cFFFFD200世界事件：|r抗魔联军箱子|n,2050,121715,243136,1321546,2,2,0,6,7,0
这只充满能量的小猫咪可以随心所欲地变换颜色。,|cFFFFD200游戏商城|r|n,2051,122033,243499,1616893,7,82,9,6,7,0
他会抢夺你的马车，劫掠你的货船。他是令人闻风丧胆的奶酪灾星。,|cFFFFD200商人出售：|r“掮客”马库斯·布朗|n|cFFFFD200地区：|r西部荒野,2057,122612,0,515993,4,18,2,6,7,0
致命的死神系列机器人最早的原型机。,|cFFFFD200商人出售：|r“掮客”马库斯·布朗|n|cFFFFD200地区：|r西部荒野,2058,122629,0,134065,9,18,2,35,7,0
这只顽皮的狐狸虽然迷失在了阿古斯，并受到黑暗的影响，但只要站在你身边，它就能摆脱虚空。,|cFFFFD200游戏商城|r|n,2062,123650,246105,1634262,5,82,9,6,7,0
这只土拨鼠一直陪伴着你。他太棒了。,|cFFFFD200掉落：|r搜索|n,2063,124389,247123,594273,4,2,0,6,7,0
最好让他远离一切火炮。,|cFFFFD200成就：|r宠物对战挑战：死亡矿井,2064,124589,0,877482,7,82,5,6,7,0
潜行者常常在口袋里放上一些以防万一。别问我为什么。,|cFFFFD200掉落：|r搜索|n,2065,124594,247474,647701,4,2,0,6,7,0
,,2066,124632,0,1548512,9,48,-1,6,7,0
,,2067,124633,0,1336885,9,48,-1,6,7,0
,,2068,124634,0,133003,9,48,-1,6,7,0
只有在最特殊的时间线里才能找到青铜始祖龙宝宝。,|cFFFFD200掉落：|r迷时钱包|n|cFFFFD200场景战役：|r克罗米之死,2071,124858,248025,1380676,1,2,1,34,7,0
这头特别的幼龙旅行时，年龄虽然没有改变，但体型却发生了变化。,|cFFFFD200掉落：|r迷时钱包|n|cFFFFD200场景战役：|r克罗米之死,2072,124944,248240,134156,1,2,0,6,7,0
,,2076,125494,0,651877,4,16408,-1,6,7,0
艾萨拉女王对阿苏纳居民的诅咒影响的不只是暗夜精灵。这头鲨鱼也遭受了永恒的厄运，被无尽的饥饿所折磨。,|cFFFFD200专业技能：|r军团钓鱼|n|cFFFFD200商人出售：|r“活水”伊丽西娅|n|cFFFFD200地区：|r阿苏纳|n|cFFFFD200价格：|r50|Hitem:146848|h|TInterface\ICONS\Ability_Monk_ForceSphere.blp:0|t|h,2077,126579,251191,294472,8,2,3,6,7,0
在与黑龙军团旷日持久的战争中，矮人尝试过建造一些不容易被打中的小型魔像。,|cFFFFD200掉落：|r熔岩金刚|n|cFFFFD200地区：|r黑翼血环,2078,127850,253788,415046,9,2050,0,6,7,0
马洛拉克以足智多谋著称，他不会浪费任何一点血肉。,|cFFFFD200掉落：|r马洛拉克|n|cFFFFD200地区：|r黑翼血环,2079,127852,253790,429380,1,2,0,34,7,0
奈法利安复活的白骨构造体曾是对付入侵的冒险者的有效手段，尤其是其中那些法师。,|cFFFFD200掉落：|r奈法利安|n|cFFFFD200地区：|r黑翼血环,2080,127853,253799,132095,3,2,0,6,7,0
连这些小家伙也被腐蚀了，天启不会放过任何一个人。,|cFFFFD200掉落：|r瓦里昂娜|n|cFFFFD200地区：|r暮光堡垒,2081,127857,253805,429378,1,2,0,34,7,0
暮光之锤最野蛮的腐化行为就是束缚了这些来自小河小溪的元素。,|cFFFFD200掉落：|r源质畸体|n|cFFFFD200地区：|r暮光堡垒,2082,127858,253809,1385912,6,2,0,34,7,0
它没有眼睛，却好像总是在盯着你。,|cFFFFD200掉落：|r古加尔|n|cFFFFD200地区：|r暮光堡垒,2083,127859,253813,298654,5,2,0,34,7,0
一位小小风神，能够驱使微风，让你暂时忘却炎炎夏日。,|cFFFFD200掉落：|r奥拉基尔|n|cFFFFD200地区：|r风神王座,2084,127862,253816,462522,6,2,0,34,7,0
如果你感到了一阵令你颤栗的微风，那可能是凉凉干的。,|cFFFFD200掉落：|r尼希尔|n|cFFFFD200地区：|r风神王座,2085,127863,253818,132845,6,2,0,34,7,0
有人说它是裂肢和狂脸的后代，也有人说“我都不愿意去想那种可能性。”,|cFFFFD200掉落：|r沙恩诺克斯|n|cFFFFD200地区：|r火焰之地,2086,127947,253916,236946,6,2,0,34,7,0
一种非常少见的烬网蜘蛛，她会吃掉配偶的腿，把卵产在对方还在抽搐的身体里，而且是可爱的紫色。,|cFFFFD200掉落：|r贝丝缇拉克|n|cFFFFD200地区：|r火焰之地,2087,127948,253918,425958,6,2,0,34,7,0
他永远都无法放弃的五件事：冲浪、冲浪、冲浪、冲浪、冲浪。,|cFFFFD200掉落：|r贝尔洛克|n|cFFFFD200地区：|r火焰之地,2088,127950,253924,524350,6,2,0,34,7,0
在火焰之地生活期间，范达尔常常觉得无聊，就对当地的动植物施展了塑形魔法。,|cFFFFD200掉落：|r管理者鹿盔|n|cFFFFD200地区：|r火焰之地,2089,127951,253925,464143,7,2,0,34,7,0
并不能控制你的心智，但会让你患上严重的偏头痛。,|cFFFFD200掉落：|r不眠的约萨希|n|cFFFFD200地区：|r巨龙之魂,2090,127952,253926,574793,5,2,0,34,7,0
死亡之翼残留的部分鲜血一直活到了今天，在早已被遗忘的世界深处不断寻找着它们早已逝去的宿主。,|cFFFFD200宝藏：|r守护巨龙的大型宝箱,2091,127953,253927,538039,6,2,0,34,7,0
它的朋友们都叫它“拍拍”。,|cFFFFD200宝藏：|r源质碎片|n,2092,127954,253928,538042,6,2,0,34,7,0
灌注了用于武装巨龙死亡之翼的源质矿石，那场疯狂的最后一点余波差点吞噬了艾泽拉斯。,|cFFFFD200成就：|r缰绳来袭V：萌物的裂变|n|cFFFFD200分类：|r收集,2093,127956,253929,515033,6,131154,5,34,7,0
,,2095,128007,0,1711341,7,1072,-1,6,7,0
,,2096,128008,0,1711341,4,1072,-1,6,7,0
,,2097,128009,0,1711341,2,1072,-1,6,7,0
,,2098,128010,0,1711341,4,1072,-1,6,7,0
,,2099,128011,0,1711341,2,1072,-1,6,7,0
,,2100,128012,0,1711341,4,1072,-1,6,7,0
,,2101,128013,0,1711341,7,1072,-1,6,7,0
,,2102,128014,0,1711341,4,1072,-1,6,7,0
,,2103,128015,0,1711341,2,1072,-1,6,7,0
,,2104,128016,0,1711341,7,1072,-1,6,7,0
,,2105,128017,0,1711341,5,1072,-1,6,7,0
,,2106,128018,0,1711341,7,1072,-1,6,7,0
,,2107,128019,0,1711341,5,1072,-1,6,7,0
,,2108,128020,0,1711341,4,1072,-1,6,7,0
,,2109,128021,0,1711341,2,1072,-1,6,7,0
,,2110,128024,0,1711341,3,1072,-1,6,7,0
,,2111,128023,0,1711341,9,1072,-1,6,7,0
,,2112,128022,0,1711341,0,1072,-1,6,7,0
阿古斯的多数魔鼠都是以水果为食，但这只魔鼠却喜欢嘎嘣脆的啮齿动物。,|cFFFFD200成就：|r全谱系战神|n|cFFFFD200类型：|r对战,2113,128146,254255,1715032,4,82,5,6,7,0
是谁创造了它们？它们是怎么到这里来的？也许只有冬天爷爷才知道。,|cFFFFD200世界事件：|r冬幕节,2114,128156,0,237419,0,26,6,36,7,0
我总感觉有人在看着我。,|cFFFFD200商人出售：|r全视者奥利克斯|n|cFFFFD200地区：|r安托兰废土|n|cFFFFD200价格：|r1000|Hitem:153021|h|TInterface\ICONS\INV_Misc_Eye_02.blp:0|t|h,2115,128118,254196,538445,5,18,2,6,7,0
其实它的父母还在。取这个名字只是为了减轻你捕捉它时的负罪感。,|cFFFFD200商人出售：|r可敬的托兰|n|cFFFFD200地区：|r阿古斯|n|cFFFFD200阵营：|r阿古斯防卫军 - 尊敬|n|cFFFFD200价格：|r500|TINTERFACE\MONEYFRAME\UI-GOLDICON.BLP:0|t,2116,128119,254197,1715033,4,18,2,6,7,0
美丽且致命。,|cFFFFD200专业技能：|r军团草药学,2117,128137,254271,134207,6,2,3,6,7,0
经过观察发现，天鳍鳐有很多种颜色。生物学家相信这些丰富的色彩有助于吸引伴侣和警告掠食者。,|cFFFFD200掉落：|r邪斑鱼卵,2118,128157,254295,1570762,2,2,0,6,7,0
当心它吐的口水。,|cFFFFD200掉落：|r邪斑鱼卵,2119,128158,254296,1570760,2,2,0,6,7,0
从虚空的某个未知的广大角落伸出来……给你一个拥抱。,|cFFFFD200掉落：|r阿塔克松|n|cFFFFD200地区：|r艾瑞达斯,2120,128159,254297,460700,5,2,0,6,7,0
如果灾怨幼虫在地下待的时间过长，它们就会渐渐褪色。破土而出后，它们还会变得非常贪食。,|cFFFFD200专业技能：|r军团剥皮,2121,128160,254298,1418495,7,2,3,6,7,0
因为太靠近安托鲁斯，这些幼虫变得极其凶狠。,|cFFFFD200宠物对战：|r安托兰废土|n,2122,128163,0,1418495,7,26,4,6,7,0
灾怨蝇生命循环的早期阶段。,|cFFFFD200宠物对战：|r克罗库恩|n,2123,128162,0,1418495,7,26,4,6,7,0
灾怨蝇生命循环的最终阶段。,|cFFFFD200宠物对战：|r克罗库恩|n,2124,128164,0,1686580,2,26,4,6,7,0
灾怨蝇多数情况下是以燃烧军团的受害者的尸骸为食。但是，你们到来后，它也逐渐喜欢上了恶魔的尸骸。,|cFFFFD200宠物对战：|r安托兰废土|n,2126,128175,0,1686580,2,26,4,6,7,0
从阿古斯泽尼达尔的坠毁点诞生。,|cFFFFD200宠物对战：|r克罗库恩|n,2127,128166,0,294481,6,26,4,39,7,0
虽然与艾泽拉斯的迁跃兽有很多相似之处，但有证据表明，二者其实拥有完全独立的进化过程。真是神奇！,|cFFFFD200宠物对战：|r艾瑞达斯|n,2128,128170,0,132201,7,26,4,6,7,0
虚空能吞噬生命，或者与生命融为一体。后者经常会产生未预见的后果。,|cFFFFD200宠物对战：|r艾瑞达斯|n,2129,128168,0,132201,7,26,4,6,7,0
你有种奇怪的感觉：它想杀死你。,|cFFFFD200宠物对战：|r艾瑞达斯|n,2130,128171,0,1391780,5,26,4,6,7,0
数千年前，法力浮龙的种群曾经非常繁盛，但和平的日子已经一去不复返。,|cFFFFD200宠物对战：|r艾瑞达斯|n,2131,128172,0,132841,5,26,4,6,7,0
如果法力太过稀少，这些浮龙就会去寻找其他能量源。,|cFFFFD200宠物对战：|r艾瑞达斯|n,2132,128174,0,132841,5,26,4,6,7,0
它很喜欢背鳍后面被抚摸的感觉。,|cFFFFD200宠物对战：|r艾瑞达斯|n,2133,128173,0,1715031,4,26,4,6,7,0
天鳍鳐一出生就会飞了，有人甚至看到过天鳍鳐妈妈一边飞一边生宝宝！,|cFFFFD200宠物对战：|r艾瑞达斯|n,2134,128167,0,1570761,2,26,4,6,7,0
他们背叛了什么？你该问的是他们没有背叛什么。,|cFFFFD200掉落：|r主母罗苏拉,2135,128388,254749,460856,0,2050,0,6,7,0
尤娜被束缚到一只乌祖尔身上，后来被释放到了暗影界，在黑暗中徘徊。,|cFFFFD200掉落：|r千面吞噬者,2136,128396,254763,134506,0,131218,0,41,7,0
小托有一个愿望，就是跟你一起去探索世界！,|cFFFFD200特殊：|r“争霸艾泽拉斯”典藏版|n,2143,129049,255702,1719412,8,82,7,6,7,0
, ,2144,129253,256010,1722953,7,32,0,6,7,0
,,2145,129256,0,1044790,4,32,-1,6,7,0
不幸的是，这不是一只鸭子。,|cFFFFD200掉落：|r刺绣精美的手袋,2146,129920,257603,1045161,1,32,0,6,7,0
这只抱齿兽幼崽是从一个邪恶的鲜血巨魔战争营地里救出来的。在给予他无微不至的关怀，并且给他喂食了许多次以后，你终于获得了他的信任。卡格瓦也请你一直照顾他。,|cFFFFD200任务：看来你们已经是朋友了|r|n|cFFFFD200地区：|r纳兹米尔,2157,131644,259758,463492,7,66,1,6,7,0
邮政长在传说中通常是神奇、机密，甚至无法解释的存在。对于这位隐秘的邮件大师，我们的所知极少，如果没有蜡印，我们甚至都不知道还有喜欢邮件的邮件元素的存在。,|cFFFFD200成就：|r特快专递|n,2158,132366,0,413580,5,82,5,6,7,0
这只异种蝎作战坦克过早进入了进化成熟期，它永远无法长到成虫大小，但它的凶残程度与其大型表亲相比不遑多让。,|cFFFFD200掉落：|r希利苏斯：创伤之痕,2163,133064,261755,1623380,7,2,0,6,7,0
,,2164,133825,0,646148,6,34,-1,6,7,0
弗朗索瓦身为鸡产阶级的显赫成员，其财富和影响力都是来自于对鹜产阶级的劳动力的剥削。,|cFFFFD200地区：|r提拉加德海峡,2165,134406,264001,651737,2,18,0,6,7,0
翁帕尔想跟你玩的时候，会用头轻轻地撞你。,|cFFFFD200游戏商城|r|n,2184,138742,272771,1998314,0,82,9,6,7,0
如果你觉得有些话不需要连续听二十年，就千万别跟咸饼干船长说。,|cFFFFD200游戏商城|r|n,2185,138741,272772,1998635,2,82,9,6,7,0
人们对塞塔里斯神庙中的巨蛇米利克萨和诸多蛇蛋知之甚少，但赞达拉的居民好像都对它们敬而远之。,|cFFFFD200掉落：|r米利克萨|n|cFFFFD200地区：|r塞塔里斯神庙（史诗难度）,2186,138964,273159,135461,7,2,0,6,7,0
你不太清楚这东西从何而来，也不是太想知道，但你很确定它能吃掉大量的垃圾。,|cFFFFD200掉落：|r恶臭的戈尔森|n|cFFFFD200地区：|r托尔达戈（史诗难度）,2187,139049,273184,252178,5,2,0,6,7,0
波达只是众多小动物里不起眼的一个，它一直努力想达到哥哥可达的期望。,|cFFFFD200任务：|r寻鼬启事|n|cFFFFD200地区：|r沃顿,2188,139073,273195,2027895,7,2,1,6,7,0
小迷唇生前喜欢在格伦布鲁克的生活，那里有很多人可以陪它玩，也有很多地方可以呼呼大睡。不过，在那些其乐融融的茶话会上也会发生难以言喻的事情。,|cFFFFD200商人出售：|r奈杰尔·里夫托德|n|cFFFFD200地区：|r德鲁斯瓦|n|cFFFFD200价格：|r200|Hitem:163036|h|TInterface\ICONS\INV_Currency_PetBattle.BLP:0|t|h,2189,139081,273215,656581,3,2,2,41,7,0
刚孵化的眼镜蛇毒性并不比成年的眼镜蛇低。,|cFFFFD200任务：|r我的饥饿邻居|n|cFFFFD200地区：|r沃顿,2190,139252,273839,237237,7,2,1,6,7,0
艾泽拉斯最聪明的工程师都知道，唯一比活着的邪恶小鸡更危险的东西，就是把它的心智移植到一只机械小鸡的身体里。,|cFFFFD200任务：|r尖端家禽科学,2192,139372,273869,656513,9,2,1,6,7,0
,,2193,139450,0,2027918,8,32,-1,6,7,0
,,2194,139452,0,2027910,8,32,-1,6,7,0
,,2195,139455,0,2027914,8,32,-1,6,7,0
绝大多数掠食者喜欢挑猎物身上最柔软的部位发动攻击，但小提更喜欢直接打脸。,|cFFFFD200商人出售：|r快乐的霍罗阿|n|cFFFFD200地区：|r祖达萨|n|cFFFFD200价格：|r200|Hitem:163036|h|TInterface\ICONS\INV_Currency_PetBattle.BLP:0|t|h|n,2196,139622,274202,797327,7,2,1,6,7,0
恐角龙是艾泽拉斯陆地上最强壮的物种之一。虽然它们看起来是温顺的巨兽，但千万不要站在它们冲锋的路上。,|cFFFFD200专业技能：|r考古学,2197,139744,274348,840540,7,2,3,6,7,0
帕菲的忠诚毋庸置疑，只要别饿着就好。,|cFFFFD200任务：|r小猪帕菲！|n|cFFFFD200地区：|r德鲁斯瓦,2198,139770,274353,1721029,7,2,4,6,7,0
久而久之，德鲁斯瓦人发现，总有很多阴暗的人竭尽全力想要挖掘并复活那些被埋葬的死者。,|cFFFFD200专业技能：|r争霸艾泽拉斯考古学,2199,139782,274380,2030683,3,2,3,6,7,0
,沃顿任务,2200,139987,0,134172,7,33824,1,6,7,0
赞达拉巨魔精通魔法，善于与灵魂沟通。他们经常给物品注入能量，强化其与灵魂世界的联系。,|cFFFFD200专业技能：|r争霸艾泽拉斯附魔,2201,139743,274760,1726348,5,2,3,240,238,0
木乃伊的裹布有两个作用，一是让里面的东西完好无损，二是不让人看到里面的东西后被吓到。,|cFFFFD200成就：|r木乃伊养成手册|n|cFFFFD200分类：|r争霸艾泽拉斯地下城,2202,140125,274776,2027568,3,82,5,6,7,0
,,2203,140174,0,1336885,9,32,-1,6,7,0
,,2204,140193,0,133883,9,32,-1,6,7,0
,,2205,140243,0,1511262,9,32,-1,6,7,0
,,2206,140573,0,2027897,7,32,-1,6,7,0
,,2208,140574,0,2027960,7,32,-1,6,7,0
,,2209,140575,0,2027948,7,32,-1,6,7,0
,,2210,140814,0,651086,6,32,-1,6,7,0
,,2211,140816,0,2032606,6,32,-1,6,7,0
,,2212,140819,0,2032606,6,32,-1,6,7,0
,,2213,140875,0,2027853,2,32,-1,6,7,0
,,2214,140876,0,2027854,2,32,-1,6,7,0
,,2215,140878,0,2027852,2,32,-1,6,7,0
,,2220,141006,0,133728,3,32,-1,6,7,0
,,2221,141007,0,1500940,5,32,-1,6,7,0
,,2222,141008,0,254105,5,32,-1,6,7,0
,,2223,141047,0,2065626,6,32,-1,6,7,0
,,2225,141048,0,135861,8,32,-1,6,7,0
,,2226,141050,0,136221,5,32,-1,6,7,0
,,2227,141092,0,294472,7,32,-1,6,7,0
,,2228,141093,0,463487,8,32,-1,6,7,0
,|cFFFFD200任务：|r某世界任务,2229,141094,0,1729493,7,32,1,6,7,0
,,2230,141215,0,1573608,7,33824,-1,6,7,0
,,2231,141296,0,2027867,8,32,-1,6,7,0
,,2232,141295,0,2027956,8,32,-1,6,7,0
,,2233,141293,0,2027845,8,32,-1,6,7,0
,,2330,141506,0,2030683,3,32,-1,6,7,0
,,2332,141512,0,2030683,3,32,-1,6,7,0
,,2333,141518,0,2030683,3,32,-1,6,7,0
,,2334,141536,0,1802889,8,32,-1,6,7,0
,,2335,141542,0,1624585,2,32,-1,6,7,0
,,2336,141545,0,1618564,2,32,-1,6,7,0
,,2337,141588,0,2011119,7,33826,-1,6,7,0
,,2338,141803,0,838684,7,32,-1,6,7,0
,,2339,141802,0,458255,3,32,-1,6,7,0
,,2340,141801,0,2399238,7,32,-1,6,7,0
,,2341,141817,0,1733737,2,32,-1,6,7,0
,,2343,141818,0,1723701,4,32,-1,6,7,0
,,2344,141819,0,463485,2,32,-1,6,7,0
,,2345,141922,0,132200,2,32,-1,6,7,0
,,2346,141926,0,2027848,7,32,-1,6,7,0
,,2347,141927,0,2027858,4,32,-1,6,7,0
,,2349,141909,0,1722953,5,1072,-1,6,7,0
,,2350,141932,0,1722953,5,1072,-1,6,7,0
人们对这只异界的爪牙知之甚少。,|cFFFFD200宠物对战：|r巴尔|n,2352,141941,277461,1722953,5,82,4,6,7,0
,,2353,141955,0,2027881,4,32,-1,6,7,0
,,2354,141951,0,1738685,4,32,-1,6,7,0
,,2355,141950,0,1929246,2,32,-1,6,7,0
,"
",2356,141969,0,2027888,6,33826,-1,6,7,0
,,2357,142058,0,2399287,4,32,-1,6,7,0
,,2358,142059,0,454066,4,32,-1,6,7,0
,,2359,142061,0,134935,4,32,-1,6,7,0
,,2360,142105,0,2027846,7,32,-1,6,7,0
,,2361,142102,0,2027900,2,32,-1,6,7,0
,,2363,142098,0,538518,2,32,-1,6,7,0
,,2364,142120,0,2027949,4,32,-1,6,7,0
,,2365,142121,0,2399239,7,32,-1,6,7,0
,,2366,142123,0,132202,2,32,-1,6,7,0
,,2367,142151,0,838688,7,33824,-1,6,7,0
,,2368,142237,0,2399235,4,32,-1,6,7,0
,,2370,142236,0,1045161,2,32,-1,6,7,0
,,2371,142235,0,804969,8,32,-1,6,7,0
即使是最强大的，拥有最坚硬外壳的螃蟹，也会向无边暗影屈服。,|cFFFFD200宠物对战：|r 斯托颂谷地|n,2372,143031,0,2027883,8,26,4,6,7,0
众所周知，斯托颂谷地的河流蛙会直盯着人的眼睛，并发出低沉的鸣叫，以此催眠对方。,|cFFFFD200宠物对战：|r斯托颂谷地,2373,143032,0,804969,8,26,4,6,7,0
斯托颂谷地的寄居蟹会使用任何可以当外壳的东西。只要进得去，就会住下来。,|cFFFFD200宠物对战：|r斯托颂谷地,2374,143033,0,2027918,8,26,4,6,7,0
山谷土拨鼠非常敏捷，而且擅长挖洞筑巢。孩子们喜欢追着它们玩，也喜欢在它们探头晒太阳的时候拍打它们的头。,|cFFFFD200宠物对战：|r斯托颂谷地,2375,143034,0,2126349,7,26,4,6,7,0
很久以前，斯托颂谷地有非常多的鸡，以至于有人担心它们会吃光地里的玉米，让其他人没得吃。,|cFFFFD200宠物对战：|r斯托颂谷地,2376,143035,0,2027863,2,26,4,6,7,0
沙背爬蟹之所以叫这个名字，是因为它们的外壳有黏性，在走动时沙子会黏在上面。,|cFFFFD200宠物对战：|r斯托颂谷地，提拉加德海峡,2377,143036,0,2027867,8,26,4,6,7,0
水獭从很小的时候起就开始长胡须了。等它们老了，脸上的胡须比其他已知的生物都要多。,|cFFFFD200宠物对战：|r德鲁斯瓦，斯托颂谷地,2378,143037,0,645906,8,26,4,6,7,0
传闻说，这种蜜蜂在德鲁斯瓦就能探测到斯托颂谷地北部新开的花朵飘散的花粉。,|cFFFFD200宠物对战：|r斯托颂谷地,2379,143038,0,2027853,2,26,4,6,7,0
被它的钉刺蜇了会造成长达3小时的剧痛。如果被蜇请立刻就医。,|cFFFFD200宠物对战：|r提拉加德海峡,2380,143039,0,2027900,2,26,4,6,7,0
陋居蟹是寄居蟹中唯一可以断肢再生的。,|cFFFFD200宠物对战：|r提拉加德海峡,2381,143040,0,2027906,8,26,4,6,7,0
内陆鸣蛙分泌的黏液防水功效极强，许多年来库尔提拉斯的船匠一直都用它来作为木板的密封剂。,|cFFFFD200宠物对战：|r提拉加德海峡,2382,143041,0,804968,8,26,4,6,7,0
巨型蛀虫可以钻进几乎所有的表面，除了坚硬的石头。,|cFFFFD200宠物对战：|r提拉加德海峡,2383,143042,0,134933,4,26,4,6,7,0
蝴蝶用它们的脚来尝味道！我也这么试过，但结果不太好。,|cFFFFD200宠物对战：|r祖达萨,2384,143043,0,2059632,2,26,4,6,7,0
敲门就跑的恶作剧用在会走路的房子上……不太行。,|cFFFFD200宠物对战：|r祖达萨,2385,143044,0,2027922,8,26,4,6,7,0
紫色外观让它们能潜藏在岩石和阴影中，但如果长时间待在开阔的沙地上，就很容易成为海鸥的美餐。,|cFFFFD200宠物对战：|r德鲁斯瓦,2386,143045,0,2027883,8,26,4,6,7,0
许多上古部族都崇拜这种巨大的甲虫。,|cFFFFD200宠物对战：|r祖达萨,2387,143046,0,134933,4,26,4,6,7,0
这些狼蛛对巨魔是完全无害的，但纳兹米尔的动物还是很害怕它们。,|cFFFFD200宠物对战：|r纳兹米尔,2388,143047,0,2027961,7,26,4,33,7,0
水黾利用疏水性的长腿和水面的张力来帮助它们在水面上行走。,|cFFFFD200宠物对战：|r纳兹米尔,2389,143048,0,643423,8,26,4,6,7,0
栖息在树上时，几乎没有任何猎物能发现它们。,|cFFFFD200宠物对战：|r祖达萨,2390,143049,0,2059637,2,26,4,6,7,0
这种生物会在沙子里寻找腐烂生物的残骸。它们是海滩的清洁工！,|cFFFFD200宠物对战：|r纳兹米尔,2392,143050,0,2027910,8,26,4,6,7,0
让人反感的生物，没人会想要这玩意。,|cFFFFD200宠物对战：|r纳兹米尔,2393,143051,0,1500940,5,26,4,6,7,0
生前死后都是个麻烦精。,|cFFFFD200宠物对战：|r纳兹米尔,2394,143052,0,458255,3,26,4,6,7,0
最爱直接扑脸。,|cFFFFD200宠物对战：|r纳兹米尔,2395,143053,0,1723700,4,26,4,6,7,0
突然，传来了敲击声……,|cFFFFD200宠物对战：|r纳兹米尔,2397,143054,0,1733736,3,26,4,6,7,0
它跳过了多少沼泽？没人知道。,|cFFFFD200宠物对战：|r纳兹米尔,2398,143055,0,804966,8,26,4,6,7,0
喜欢囤东西，又爱到处跑！,|cFFFFD200宠物对战：|r沃顿,2399,143056,0,2027914,8,26,4,6,7,0
非常烦人的物种，不管你家的围墙有多高，它们都能跳得过。,|cFFFFD200宠物对战：|r纳兹米尔,2400,143057,0,804966,8,26,4,6,7,0
它本来是一个侏儒农夫造出来挖洞的，但很快就毫无意外地失控了，造成了灾难性的后果。,|cFFFFD200成就：|r萌宠殿堂|n|cFFFFD200分类：|r收藏,2401,143142,279129,2126357,9,82,5,6,7,0
布鲁图斯使用永久摇尾技术，是经过机械工程专家认证的好狗狗。,|cFFFFD200成就：|r玩具大亨|n|cFFFFD200分类：|r玩具箱,2402,143160,279171,1567068,9,82,5,6,7,0
纳迦入侵斯托颂时，也带来了他们最钟爱的宠物：深海鳗鱼。,|cFFFFD200出售：|r玛德琳·奈特利|n|cFFFFD200地区：|r斯托颂谷地|n|cFFFFD200价格：|r75|Hitem:163036|h|TInterface\ICONS\INV_Currency_PetBattle.BLP:0|t|h|n|n|cFFFFD200商人出售：|r奥利|n|cFFFFD200地区：|r祖达萨|n|cFFFFD200价格：|r75|Hitem:163036|h|TInterface\ICONS\INV_Currency_PetBattle.BLP:0|t|h,2403,143175,279205,2027958,8,2,2,6,7,0
这些吃苦耐劳的蜜蜂是庞大的蜂蜜和蜜酒产业的支柱。多年来，海潮贤者一直禁止人们把它们带到斯托颂以外的地方。,|cFFFFD200商人出售：|r莉莉安娜修女|n|cFFFFD200地区：|r斯托颂谷地|n|cFFFFD200阵营：|r风暴之末 - 崇敬|n|cFFFFD200价格：|r250|Hitem:163036|h|TInterface\ICONS\INV_Currency_PetBattle.BLP:0|t|h,2404,143176,279206,2027854,2,2,2,6,7,0
克莱因猎隼一出生就开始接受侦察和助攻训练。少数逃脱了毒心女巫会魔爪的猎隼，现在为灰烬骑士团出力。,|cFFFFD200商人出售：|r军需官阿尔考恩|n|cFFFFD200地区：|r德鲁斯瓦|n|cFFFFD200阵营：|r灰烬骑士团 - 崇敬|n|cFFFFD200价格：|r200|Hitem:163036|h|TInterface\ICONS\INV_Currency_PetBattle.BLP:0|t|h,2405,143177,279207,132188,2,2,2,6,7,0
这只猪崽在一只狡猾的蜘蛛的帮助下，逃过了被罗兰做成肉肠的命运。,|cFFFFD200商人出售：|r奈杰尔·里夫托德|n|cFFFFD200地区：|r德鲁斯瓦|n|cFFFFD200价格：|r75|Hitem:163036|h|TInterface\ICONS\INV_Currency_PetBattle.BLP:0|t|h|n|n|cFFFFD200商人出售：|r奥利|n|cFFFFD200地区：|r祖达萨|n|cFFFFD200价格：|r75|Hitem:163036|h|TInterface\ICONS\INV_Currency_PetBattle.BLP:0|t|h,2406,143178,279208,1721029,7,2,2,6,7,0
这只红鼻子小兔摸着可软了，但你得当心手指。,|cFFFFD200商人出售：|r奈杰尔·里夫托德|n|cFFFFD200地区：|r德鲁斯瓦|n|cFFFFD200价格：|r300|Hitem:163036|h|TInterface\ICONS\INV_Currency_PetBattle.BLP:0|t|h|n|n|cFFFFD200商人出售：|r奥利|n|cFFFFD200地区：|r祖达萨|n|cFFFFD200价格：|r300|Hitem:163036|h|TInterface\ICONS\INV_Currency_PetBattle.BLP:0|t|h,2407,143179,279209,2399278,4,2,2,6,7,0
蜘蛛的腿上有银光尘埃，可以吸引猎物闯入无法挣脱的蛛网。,|cFFFFD200商人出售：|r奈杰尔·里夫托德|n|cFFFFD200地区：|r德鲁斯瓦|n|cFFFFD200价格：|r100|Hitem:163036|h|TInterface\ICONS\INV_Currency_PetBattle.BLP:0|t|h|n|n|cFFFFD200商人出售：|r奥利|n|cFFFFD200地区：|r祖达萨|n|cFFFFD200价格：|r100|Hitem:163036|h|TInterface\ICONS\INV_Currency_PetBattle.BLP:0|t|h,2408,143181,279210,2027859,3,2,2,6,7,0
最好别把你的坐骑停在它下面。,|cFFFFD200商人出售：|r达纳·普尔|n|cFFFFD200地区：|r提拉加德海峡|n|cFFFFD200价格：|r50|Hitem:163036|h|TInterface\ICONS\INV_Currency_PetBattle.BLP:0|t|h|n|n|cFFFFD200商人出售：|r奥利|n|cFFFFD200地区：|r祖达萨|n|cFFFFD200价格：|r50|Hitem:163036|h|TInterface\ICONS\INV_Currency_PetBattle.BLP:0|t|h,2409,143184,279211,1716280,2,2,2,6,7,0
这个由离心机、齿轮和铰链构成的可爱装置不是在诺莫瑞根组装的，那是在哪呢？,|cFFFFD200商人出售：|r达纳·普尔|n|cFFFFD200地区：|r提拉加德海峡|n|cFFFFD200价格：|r75|Hitem:163036|h|TInterface\ICONS\INV_Currency_PetBattle.BLP:0|t|h|n|n|cFFFFD200商人出售：|r奥利|n|cFFFFD200地区：|r祖达萨|n|cFFFFD200价格：|r75|Hitem:163036|h|TInterface\ICONS\INV_Currency_PetBattle.BLP:0|t|h,2410,143188,279212,2126363,9,2,2,6,7,0
她喜欢让人揉肚子。但要小心被枝条戳到。,|cFFFFD200地区：|r德鲁斯瓦,2411,143189,279213,2030683,3,2,0,6,7,0
儿童很喜欢这种宠物，但刺伤事件时有发生。,|cFFFFD200商人出售：|r快乐的霍罗阿|n|cFFFFD200地区：|r祖达萨|n|cFFFFD200价格：|r100|Hitem:163036|h|TInterface\ICONS\INV_Currency_PetBattle.BLP:0|t|h|n|n|cFFFFD200商人出售：|r多吉尔|n|cFFFFD200地区：|r伯拉勒斯港|n|cFFFFD200价格：|r100|Hitem:163036|h|TInterface\ICONS\INV_Currency_PetBattle.BLP:0|t|h,2412,143191,279214,1958452,7,2,2,6,7,0
众所周知，它喜欢咀嚼任何生物的腿骨，从细颚龙到雷龙都不放过。,|cFFFFD200商人出售：|r快乐的霍罗阿|n|cFFFFD200地区：|r祖达萨|n|cFFFFD200价格：|r50|Hitem:163036|h|TInterface\ICONS\INV_Currency_PetBattle.BLP:0|t|h|n|n|cFFFFD200商人出售：|r多吉尔|n|cFFFFD200地区：|r伯拉勒斯港|n|cFFFFD200价格：|r50|Hitem:163036|h|TInterface\ICONS\INV_Currency_PetBattle.BLP:0|t|h,2413,143193,279215,797327,7,2,2,6,7,0
特别黏糊，尤其是在它大餐一顿后。,|cFFFFD200商人出售：|r修克|n|cFFFFD200地区：|r纳兹米尔|n|cFFFFD200价格：|r200|Hitem:163036|h|TInterface\ICONS\INV_Currency_PetBattle.BLP:0|t|h|n|n|cFFFFD200商人出售：|r盲眼的温加|n|cFFFFD200地区：|r纳兹米尔|n|cFFFFD200价格：|r200|Hitem:163036|h|TInterface\ICONS\INV_Currency_PetBattle.BLP:0|t|h|n|n|cFFFFD200商人出售：|r多吉尔|n|cFFFFD200地区：|r伯拉勒斯港|n|cFFFFD200价格：|r200|Hitem:163036|h|TInterface\ICONS\INV_Currency_PetBattle.BLP:0|t|h,2414,143194,279216,1723703,4,2,2,6,7,0
虽然依依不舍，卡格瓦还是把特拉格送到了塔兰吉远征队，希望他们能找到一个人带他周游艾泽拉斯。,|cFFFFD200商人出售：|r供给官莱佳|n|cFFFFD200地区：|r纳兹米尔|n|cFFFFD200阵营：|r塔兰吉远征队 - 崇敬|n|cFFFFD200价格：|r75|Hitem:163036|h|TInterface\ICONS\INV_Currency_PetBattle.BLP:0|t|h,2415,143195,279217,1802889,8,2,2,6,7,0
白雷龙本来濒临灭绝，幸好有勇敢的冒险者采取行动。小本冯遗传了父亲的体型，但脾气却跟它母亲一样！,|cFFFFD200商人出售：|r快乐的霍罗阿|n|cFFFFD200地区：|r祖达萨|n|cFFFFD200价格：|r300|Hitem:163036|h|TInterface\ICONS\INV_Currency_PetBattle.BLP:0|t|h|n,2416,143196,279218,1881827,7,2,2,6,7,0
虽然总是饥肠辘辘，但性格却出奇地温顺。,|cFFFFD200商人出售：|r杰诺|n|cFFFFD200地区：|r沃顿|n|cFFFFD200价格：|r250|Hitem:163036|h|TInterface\ICONS\INV_Currency_PetBattle.BLP:0|t|h|n|n|cFFFFD200商人出售：|r多吉尔|n|cFFFFD200地区：|r伯拉勒斯港|n|cFFFFD200价格：|r250|Hitem:163036|h|TInterface\ICONS\INV_Currency_PetBattle.BLP:0|t|h,2417,143197,279219,2399286,0,2,2,6,7,0
拾荒者之神觉得你可以教这只细颚龙学点东西。但要记得看紧你的钱包。,|cFFFFD200商人出售：|r快乐的霍罗阿|n|cFFFFD200地区：|r祖达萨|n|cFFFFD200价格：|r100|Hitem:163036|h|TInterface\ICONS\INV_Currency_PetBattle.BLP:0|t|h|n|n|cFFFFD200商人出售：|r多吉尔|n|cFFFFD200地区：|r伯拉勒斯港|n|cFFFFD200价格：|r100|Hitem:163036|h|TInterface\ICONS\INV_Currency_PetBattle.BLP:0|t|h,2418,143198,279220,2399239,7,2,2,6,7,0
这些蟾蜍可不喜欢你拿它们开玩笑。,|cFFFFD200商人出售：|r修克|n|cFFFFD200地区：|r纳兹米尔|n|cFFFFD200价格：|r200|Hitem:163036|h|TInterface\ICONS\INV_Currency_PetBattle.BLP:0|t|h|n|n|cFFFFD200商人出售：|r多吉尔|n|cFFFFD200地区：|r伯拉勒斯港|n|cFFFFD200价格：|r200|Hitem:163036|h|TInterface\ICONS\INV_Currency_PetBattle.BLP:0|t|h,2419,143199,279221,804969,8,2,2,6,7,0
没人知道这个阴森的蒂基面具是从哪儿来的，也不知道它为什么总是这么生气。但它好像很喜欢你！,|cFFFFD200商人出售：|r修克|n|cFFFFD200地区：|r纳兹米尔|n|cFFFFD200价格：|r500|Hitem:163036|h|TInterface\ICONS\INV_Currency_PetBattle.BLP:0|t|h|n|n|cFFFFD200商人出售：|r盲眼的温加|n|cFFFFD200地区：|r纳兹米尔|n|cFFFFD200价格：|r500|Hitem:163036|h|TInterface\ICONS\INV_Currency_PetBattle.BLP:0|t|h|n|n|cFFFFD200商人出售：|r多吉尔|n|cFFFFD200地区：|r伯拉勒斯港|n|cFFFFD200价格：|r500|Hitem:163036|h|TInterface\ICONS\INV_Currency_PetBattle.BLP:0|t|h,2420,143200,279224,1726347,5,2,2,241,238,0
它们在长出剃刀一样锐利的牙齿和毒腺前还是很可爱的。,|cFFFFD200商人出售：|r玛德琳·奈特利|n|cFFFFD200地区：|r斯托颂谷地|n|cFFFFD200价格：|r200|Hitem:163036|h|TInterface\ICONS\INV_Currency_PetBattle.BLP:0|t|h|n|n|cFFFFD200商人出售：|r快乐的霍罗阿|n|cFFFFD200地区：|r祖达萨|n|cFFFFD200价格：|r200|Hitem:163036|h|TInterface\ICONS\INV_Currency_PetBattle.BLP:0|t|h,2421,143202,279225,2027847,1,2,4,6,7,0
虽然很漂亮，但千万不要过于亲昵，因为它有毒。,|cFFFFD200商人出售：|r玛德琳·奈特利|n|cFFFFD200地区：|r斯托颂谷地|n|cFFFFD200价格：|r100|Hitem:163036|h|TInterface\ICONS\INV_Currency_PetBattle.BLP:0|t|h|n|n|cFFFFD200商人出售：|r快乐的霍罗阿|n|cFFFFD200地区：|r祖达萨|n|cFFFFD200价格：|r100|Hitem:163036|h|TInterface\ICONS\INV_Currency_PetBattle.BLP:0|t|h,2422,143203,279226,2059632,2,2,4,6,7,0
如果你带着它出来，每次找到淡水珍珠都会被它钳碎。,|cFFFFD200商人出售：|r玛德琳·奈特利|n|cFFFFD200地区：|r斯托颂谷地|n|cFFFFD200价格：|r250|Hitem:163036|h|TInterface\ICONS\INV_Currency_PetBattle.BLP:0|t|h|n|n|cFFFFD200商人出售：|r杰诺|n|cFFFFD200地区：|r沃顿|n|cFFFFD200价格：|r250|Hitem:163036|h|TInterface\ICONS\INV_Currency_PetBattle.BLP:0|t|h,2423,143204,279227,2027880,8,2,4,6,7,0
这只青蛙进化出了奇特的红色，似乎是为了潜藏在鲜血中。真吓人。,|cFFFFD200商人出售：|r奈杰尔·里夫托德|n|cFFFFD200地区：|r德鲁斯瓦|n|cFFFFD200价格：|r100|Hitem:163036|h|TInterface\ICONS\INV_Currency_PetBattle.BLP:0|t|h|n|n|cFFFFD200商人出售：|r修克|n|cFFFFD200地区：|r纳兹米尔|n|cFFFFD200价格：|r100|Hitem:163036|h|TInterface\ICONS\INV_Currency_PetBattle.BLP:0|t|h,2424,143205,279228,804966,8,2,2,6,7,0
她只是想离开，找个漂亮的贝壳，待在沙滩上。现在她是你的宠物了。,|cFFFFD200商人出售：|r玛德琳·奈特利|n|cFFFFD200地区：|r斯托颂谷地|n|cFFFFD200价格：|r50|Hitem:163036|h|TInterface\ICONS\INV_Currency_PetBattle.BLP:0|t|h|n|n|cFFFFD200商人出售：|r杰诺|n|cFFFFD200地区：|r沃顿|n|cFFFFD200价格：|r50|Hitem:163036|h|TInterface\ICONS\INV_Currency_PetBattle.BLP:0|t|h,2425,143206,279230,2027921,8,2,4,6,7,0
黄蜂的蜜比蜜蜂的质量好多了，这是大家都知道的事实。大家指的是数量极少的黄蜂蜜农们。,|cFFFFD200商人出售：|r玛德琳·奈特利|n|cFFFFD200地区：|r斯托颂谷地|n|cFFFFD200价格：|r50|Hitem:163036|h|TInterface\ICONS\INV_Currency_PetBattle.BLP:0|t|h|n|n|cFFFFD200商人出售：|r杰诺|n|cFFFFD200地区：|r沃顿|n|cFFFFD200价格：|r50|Hitem:163036|h|TInterface\ICONS\INV_Currency_PetBattle.BLP:0|t|h,2426,143207,279231,2027902,2,2,4,6,7,0
他是个真正的骑兵，多年来一直忠心耿耿地跟在寇乔后面。他喜欢捉迷藏，也喜欢玩高难度的滑贝壳游戏。,|cFFFFD200商人出售：|r收集者寇乔|n|cFFFFD200地区：|r斯托颂谷地|n|cFFFFD200阵营：|r始祖龟求知者 - 崇敬|n|cFFFFD200价格：|r200|Hitem:163036|h|TInterface\ICONS\INV_Currency_PetBattle.BLP:0|t|h|n|n|cFFFFD200商人出售：|r收集者寇乔|n|cFFFFD200地区：|r祖达萨|n|cFFFFD200阵营：|r始祖龟求知者 - 崇敬|n|cFFFFD200价格：|r200|Hitem:163036|h|TInterface\ICONS\INV_Currency_PetBattle.BLP:0|t|h,2427,143209,279232,1738685,8,2,2,6,7,0
这株可怕的食肉植物保证让你所有疯狂的梦想成真，前提是你愿意喂它。,|cFFFFD200商人出售：|r杰诺|n|cFFFFD200地区：|r沃顿|n|cFFFFD200价格：|r100|Hitem:163036|h|TInterface\ICONS\INV_Currency_PetBattle.BLP:0|t|h|n|n|cFFFFD200商人出售：|r玛德琳·奈特利|n|cFFFFD200地区：|r斯托颂谷地|n|cFFFFD200价格：|r100|Hitem:163036|h|TInterface\ICONS\INV_Currency_PetBattle.BLP:0|t|h,2428,143211,279233,2027889,6,2,2,6,7,0
艾泽里提是从母亲身上剥落下来的一小块碎片。她非常有保护欲，会攻击任何想伤害她母亲的人。,|cFFFFD200商人出售：|r麦格尼·铜须|n|cFFFFD200地区：|r希利苏斯|n|cFFFFD200阵营：|r艾泽拉斯的勇士 - 崇敬|n|cFFFFD200价格：|r100|Hitem:163036|h|TInterface\ICONS\INV_Currency_PetBattle.BLP:0|t|h,2429,143214,279234,2032607,6,2,2,6,7,0
在有人度量时光之前，栉龙已经在大地上漫游。这种古老的生物已经非常适应在陆地行走，也因为某些原因，进化成可以连续发出三次短促的叫声。,|cFFFFD200商人出售：|r塔路图|n|cFFFFD200地区：|r祖达萨|n|cFFFFD200价格：|r100000|TINTERFACE\MONEYFRAME\UI-GOLDICON.BLP:0|t|n|n|cFFFFD200商人出售：|r狡猾的尼克|n|cFFFFD200地区：|r提拉加德海峡|n|cFFFFD200价格：|r100000|TINTERFACE\MONEYFRAME\UI-GOLDICON.BLP:0|t,2430,143360,279433,1888348,8,18,2,6,7,0
恐虱无论出现在哪，都会成为极具侵略性的物种，统治当地的生态。它们会迅速攻击任何新物种，并利用对方的弱点变本加厉。,|cFFFFD200成就：|r争霸猎人|n|cFFFFD200分类：|r收藏,2431,143464,279576,1618564,2,82,5,6,7,0
阿拉希高地蜘蛛的幼虫会把一团长满倒刺的腹毛踢进猎食者的眼睛。此外，吐网毒蛛也会这么做。,|cFFFFD200掉落：|r维诺马鲁斯|n|cFFFFD200地区：|r阿拉希高地,2432,143499,279631,2027962,7,2,0,6,7,0
只要还有一株幼苗活着，枝条领主奥德鲁斯就没有真正死去。,|cFFFFD200掉落：|r枝条领主奥德鲁斯|n|cFFFFD200地区：|r阿拉希高地,2433,143503,279638,135437,6,2,0,6,7,0
达贝尔·蒙特罗斯要么是一个蹩脚的术士，要么就是一个喜欢可爱东西的人。或许两者都是。,|cFFFFD200掉落：|r达贝尔·蒙特罗斯|n|cFFFFD200地区：|r阿拉希高地,2434,143507,279643,136221,5,2,0,6,7,0
这种构造体是用来协助泰坦处理各种杂务的，但这个样本实在是太小了。微型泰坦宝珠！上吧！,|cFFFFD200掉落：|r密斯莱尔的回响|n|cFFFFD200地区：|r阿拉希高地,2435,143515,279657,632352,5,2,0,6,7,0
虽然约古萨在希尔斯布莱德的熊类瘟疫中活了下来，但却因此陷入疯狂，她的幼崽也永远被腐化了。,|cFFFFD200掉落：|r约古萨|n|cFFFFD200地区：|r阿拉希高地,2436,143533,279686,648803,7,2,0,6,7,0
具有猫头鹰、熊……还有鹿的特征，轻易就能躲过可能的诉讼。,|cFFFFD200掉落：|r狂怒之喙|n|cFFFFD200地区：|r阿拉希高地,2437,143563,279723,132150,7,2,0,6,7,0
瘟疫之羽和她的子嗣以激流堡之战后散落在高地上的腐肉为食。,|cFFFFD200掉落：|r瘟疫之羽|n|cFFFFD200地区：|r阿拉希高地,2438,143564,279724,1929248,2,2,0,6,7,0
这些艾泽里特液滴极其不稳定，只要一戳就会爆炸。,|cFFFFD200商人出售：|r麦格尼·铜须|n|cFFFFD200地区：|r希利苏斯|n|cFFFFD200阵营：|r艾泽拉斯的勇士 - 崇敬|n|cFFFFD200价格：|r200|Hitem:163036|h|TInterface\ICONS\INV_Currency_PetBattle.BLP:0|t|h,2439,143611,279365,2065616,5,2,2,6,7,0
阿拉希最臭名昭著的石面巨人弗兹鲁克的活体组织。,|cFFFFD200掉落：|r弗兹鲁克|n|cFFFFD200地区：|r阿拉希高地,2440,143627,279929,451165,6,2,0,6,7,0
根据石拳食人魔传说，第二次战争时，有一群食腐鸟跟随着食人魔战士一起穿过了黑暗之门。也许艾泽拉斯所有双头食腐鸟都是它们的后代。,|cFFFFD200掉落：|r猎人魔罗格|n|cFFFFD200地区：|r阿拉希高地,2441,143628,279930,132200,2,2,0,6,7,0
邦邦或许不是蜂巢里数百万只蜜蜂中体型最大的，但这不意味着他不能成为勇士。,|cFFFFD200成就：|r独家闺蜜|n|cFFFFD200分类：|r争霸艾泽拉斯,2442,143730,280157,2027852,2,82,5,6,7,0
再大的战争机器，缩小了都会显得可爱。,|cFFFFD200商人出售：|r守备官嘉兰娜|n|cFFFFD200地区：|r伯拉勒斯|n|cFFFFD200阵营：|r第七军团,2443,143738,280185,132486,9,131586,2,6,7,0
再大的战争机器，缩小了都会显得可爱。,|cFFFFD200商人出售：|r兰莎·灰羽|n|cFFFFD200地区：|r祖达萨|n|cFFFFD200阵营：|r荣耀战团,2444,143739,280188,132485,9,258,2,6,7,0
小凿叫这个名字是因为他凿沉了许多船，带他乘船时可得小心点。,|cFFFFD200掉落：|r海岛探险|n,2445,143794,177244,2061891,8,2,0,6,7,0
这类螃蟹的外壳会闪闪发光，就像沙滩上的宝石一般。,|cFFFFD200掉落：|r海岛探险|n,2446,143801,177237,2027881,8,2,0,6,7,0
燃网蜘蛛在海岛部族间很有名，因为它织的网很温暖，而且蛛丝的穿透性很强。,|cFFFFD200掉落：|r海岛探险|n|n,2447,143802,177236,520757,6,2,0,34,7,0
这类山羊的蹄子进化到在沙地和岩石上都站得很稳。,|cFFFFD200掉落：|r海岛探险|n,2448,143803,177235,877477,7,2,0,35,7,0
有人把这只机械猩猩放在岛上观察物种，但这是谁做的，这么做又是为了什么？,|cFFFFD200掉落：|r海岛探险|n,2449,143804,177231,132189,9,2,0,6,7,0
这只狗只喜欢追一种球，材质是像钻石一样坚硬的防火岩石。其重无比，一点也不好丢。,|cFFFFD200掉落：|r海岛探险|n|n,2450,143805,177230,318343,6,2,0,34,7,0
你口袋里是不是有一只毒虫……你为什么要在口袋里装这玩意？,|cFFFFD200掉落：|r海岛探险|n|n,2451,143816,280332,236197,7,2,0,6,7,0
波洛不会飞，但却很长寿。它喜欢在地上跳来跳去，把树上的果子摇下来吃。,|cFFFFD200掉落：|r海岛探险|n,2452,143797,177241,2061724,2,2,0,6,7,0
就连幼年盐壳龙虾人都会被海天一线的景象所吸引，那仿佛是一种呼唤。,|cFFFFD200掉落：|r海岛探险|n,2453,143819,280335,1508497,8,2,0,6,7,0
从大小来看，螳螂妖似乎正在重新发展族群，可能是因为出现了新的女皇。,|cFFFFD200掉落：|r海岛探险|n,2454,143820,280336,624010,7,2,0,6,7,0
尖嘴船长曾经带领一群自作聪明的猴子出海，结果很快就翻船了。,|cFFFFD200掉落：|r海岛探险|n,2455,143795,177243,2055038,3,2,0,6,7,0
一个富有的海盗船长在一个不知名的城市的码头上遇见了一个怪人，然后做了笔交易，获得了永恒的生命，代价则是成为对方忠实的伙伴。一般来说，只要是跟猴子相关的许愿，总免不了出岔子。,|cFFFFD200掉落：|r海岛探险|n,2456,143796,177242,2055034,3,2,0,6,7,0
寒光鱼人曾经在海洋中极为常见，数量多到让猎人都会抱怨，但如今已经销声匿迹。,|cFFFFD200掉落：|r海岛探险|n,2457,143821,280337,970832,0,2,0,6,7,0
只要沾上一点这种野兽的气味，闻起来就会像在一堆落水狗中滚了一圈一样。,|cFFFFD200掉落：|r海岛探险|n,2458,143818,280334,1029741,7,2,0,6,7,0
这种强壮的动物偏爱海边的灌木草丛，它们在未知的土地上生活了许多年。,|cFFFFD200掉落：|r海岛探险|n,2459,143817,280333,616693,7,2,0,6,7,0
沃卢卡尔蛛魔对首领沃卢萨拉克极其忠诚。他带领这些蛛魔逃脱了巫妖王的魔掌。,|cFFFFD200掉落：|r海岛探险|n,2460,143822,280338,237393,2,2,0,6,7,0
不管他的神秘眼罩有什么故事，他都不肯说。,|cFFFFD200掉落：|r海岛探险|n,2461,143799,177239,2101159,8,2,0,6,7,0
八爪鱼宝宝应该叫做“咯吱”。,|cFFFFD200掉落：|r海岛探险|n,2462,143798,177240,2101158,8,2,0,6,7,0
在炎热的夏季，这种虫子发出的噪声足以把人逼疯。,|cFFFFD200掉落：|r海岛探险|n,2463,143806,177229,134967,4,2,0,6,7,0
它的毒刺比……呃，其实什么都没办法跟它的毒刺比。你确定要把它当宠物养吗？,|cFFFFD200掉落：|r海岛探险|n,2464,143807,177228,464143,7,2,0,6,7,0
你知道当你再拿起饮料，却发现里面的冰都化了的感觉有多糟吗？都是这家伙的错。,|cFFFFD200掉落：|r海岛探险|n,2465,143811,177222,656560,6,131074,0,36,7,0
最喜欢恶作剧的火灵，也是熊猫人发明防火裤的原因。,|cFFFFD200掉落：|r海岛探险|n,2466,143809,177225,774324,6,131074,0,36,7,0
“寒风危矣，狡黠随之。”——熊猫人谚语,|cFFFFD200掉落：|r海岛探险|n,2467,143812,177221,774322,6,131074,0,36,7,0
大地在你脚下轰鸣……它是在震动，还是在欢笑？或着两者都是？,|cFFFFD200掉落：|r海岛探险|n,2468,143810,177224,774323,6,2,0,36,7,0
居住在无尽之海岛屿上的林精为了引诱粗心的旅客，挖空心思想出了许多陷阱。,|cFFFFD200掉落：|r海岛探险|n,2469,143808,177226,458176,0,2,0,41,7,0
小蹄喜欢：跳跃、蹦跶、嬉闹和用头撞，按顺序来。,|cFFFFD200掉落：|r海岛探险|n,2471,143813,177219,1383844,4,2,0,6,7,0
戴上手套再跟它玩，它可喜欢咬人了！,|cFFFFD200掉落：|r海岛探险|n,2472,143814,177217,1738684,8,2,0,6,7,0
这种罕见的风蛇依靠其明亮的鳞片来吸收阳光，即使在阴影中也能保持体温。,|cFFFFD200掉落：|r海岛探险|n,2473,143815,280331,132209,2,2,0,6,7,0
机械蟾蜍在齿轮磨坏前可以跳跃超过七百万次。,|cFFFFD200专业技能：|r争霸艾泽拉斯炼金术,2474,143957,280617,1694136,9,2,3,6,7,0
这种生物可以单独操纵每一条手臂，所以它们非常擅长同时处理多个任务，而且它们可以提供最棒的拥抱。,|cFFFFD200专业技能：|r争霸艾泽拉斯炼金术,2475,143959,280619,254105,8,2,3,6,7,0
哪怕轻微的割伤对这个物种而言都是一场灾难，因为它们的血会洒得到处都是。,|cFFFFD200专业技能：|r争霸艾泽拉斯炼金术,2476,143958,280618,1723701,4,2,3,6,7,0
抱齿兽的角从一出生就会疯长，而且是生物界最硬的天然材料之一。,|cFFFFD200专业技能：|r争霸艾泽拉斯炼金术,2477,143374,279435,237402,7,2,3,6,7,0
没有人知道谁最先在艾泽拉斯给螃蟹穿衣打扮，而且这股风潮也没有停下来的征兆。,|cFFFFD200PvP：|r荣誉等级400级奖励|n|n|cFFFFD200商人出售：|r罗伯茨上尉|n|cFFFFD200地区：|r达拉然|n|cFFFFD200价格：|r500|TINTERFACE\MONEYFRAME\UI-GOLDICON.BLP:0|t|n|n|cFFFFD200商人出售：|r弗雷泽元帅|n|cFFFFD200地区：|r提拉加德海峡|n|cFFFFD200价格：|r500|TINTERFACE\MONEYFRAME\UI-GOLDICON.BLP:0|t|n|n|cFFFFD200商人出售：|r骑士队长杰西卡|n|cFFFFD200地区：|r暴风城|n|cFFFFD200价格：|r500|TINTERFACE\MONEYFRAME\UI-GOLDICON.BLP:0|t,2478,144005,280728,2061889,8,594,5,6,7,0
没有人知道谁最先在艾泽拉斯给螃蟹穿衣打扮，而且这股风潮也没有停下来的征兆。,|cFFFFD200PvP：|r荣誉等级400级奖励|n|n|cFFFFD200商人出售：|r狂野的萨拉|n|cFFFFD200地区：|r达拉然|n|cFFFFD200价格：|r500|TINTERFACE\MONEYFRAME\UI-GOLDICON.BLP:0|t|n|n|cFFFFD200商人出售：|r维奥莱特·影愈|n|cFFFFD200地区：|r祖达萨|n|cFFFFD200价格：|r500|TINTERFACE\MONEYFRAME\UI-GOLDICON.BLP:0|t|n|n|cFFFFD200商人出售：|r军团士兵沃拉迪斯|n|cFFFFD200地区：|r奥格瑞玛|n|cFFFFD200价格：|r500|TINTERFACE\MONEYFRAME\UI-GOLDICON.BLP:0|t,2479,144004,280727,2061890,8,338,5,6,7,0
测试宠物。,|cFFFFD200掉落：|r测试宠物|n,2480,144617,281878,133718,4,34,0,6,7,0
,,2481,145133,0,1711341,7,33840,-1,6,7,0
狼形的暗月气球。,|cFFFFD200商人出售：|r卡尔·古达普|n|cFFFFD200地区：|r暗月岛|n|cFFFFD200价格：|r90|Hcurrency:515|h|TInterface\ICONS\INV_Misc_Ticket_Darkmoon_01.blp:0|t|h,2482,145948,283744,2341437,2,144,2,6,7,0
鱼人形状的暗月气球。,|cFFFFD200商人出售：|r卡尔·古达普|n|cFFFFD200地区：|r暗月岛|n|cFFFFD200价格：|r90|Hcurrency:515|h|TInterface\ICONS\INV_Misc_Ticket_Darkmoon_01.blp:0|t|h,2483,145947,283741,2341436,2,144,2,6,7,0
马形的暗月气球。,|cFFFFD200商人出售：|r卡尔·古达普|n|cFFFFD200地区：|r暗月岛|n|cFFFFD200价格：|r90|Hcurrency:515|h|TInterface\ICONS\INV_Misc_Ticket_Darkmoon_01.blp:0|t|h,2484,145946,283740,2341435,2,144,2,6,7,0
,,2485,145968,0,2126350,3,32,-1,6,7,0
,,2486,145971,0,294474,4,32,-1,6,7,0
,,2487,145986,0,321487,9,32,-1,6,7,0
,,2488,145988,0,132996,9,1056,-1,6,7,0
,,2489,145990,0,894222,9,32,-1,6,7,0
,,2490,145995,0,1786409,9,32,-1,6,7,0
,,2492,146002,0,971291,9,32,-1,6,7,0
,,2493,146003,0,668552,9,32,-1,6,7,0
,,2494,146004,0,298587,9,32,-1,6,7,0
,,2495,146005,0,646782,3,1056,-1,6,7,0
,,2496,146006,0,133883,9,32,-1,6,7,0
,,2497,146148,0,133001,6,1056,-1,6,7,0
,,2498,146151,0,237032,6,1056,-1,6,7,0
,,2499,146150,0,133868,6,1056,-1,6,7,0
,,2500,146176,0,1336885,9,32,-1,6,7,0
,,2501,146001,0,133000,9,1056,-1,6,7,0
,,2502,146183,0,135790,6,32,-1,6,7,0
,,2503,146182,0,135862,6,32,-1,6,7,0
,,2504,146181,0,135851,6,32,-1,6,7,0
赤脊山南部的狼蛛比艾泽拉斯其他地区的同类要小，但其迅捷和凶残却远胜其他。,|cFFFFD200掉落：|r豺狼人吞噬者|n|cFFFFD200地区：|r赤脊山,2525,147221,285843,2027964,7,2,0,6,7,0
大家本以为乱羽已经在一场大爆炸中殒命，但好在有一群绝顶聪明的工程师的帮忙，他们将乱羽改造成了一只了不起的机械造物。,"|cFFFFD200任务：|r她已经“死”了
|cFFFFD200地区：|r塔纳利斯

|cFFFFD200任务：|r他已经“死”了
|cFFFFD200地区：|r塔纳利斯",2526,147583,286474,2490921,9,2,1,6,7,0
有个童话故事里说，所有的有翼生物本来都无法飞行，直到有一天，帕库给他们带来了强风，他们才离开了地面。,|cFFFFD200掉落：|r帕库的化身|n|cFFFFD200地区：|r达萨罗之战 ,2527,147586,286483,1624588,2,2,0,6,7,0
卡格瓦的后代，血管中流淌着他的血，一生平均会跳跃七百万次。,|cFFFFD200掉落：|r帕库的化身 |n|cFFFFD200地区：|r达萨罗之战 （史诗）,2528,147585,286484,2399289,8,2,0,6,7,0
这种蜥蜴背上的巨大板状物是由一种神秘而且导电性极强的物质构成的，极其适合在充能后释放强大的电流。,|cFFFFD200掉落：|r帕库的化身|n|cFFFFD200地区：|r达萨罗之战 ,2529,147587,286482,136103,7,2,0,6,7,0
机械狼蛛是由一位不知名的侏儒工程师创造的。传言说，原始图纸是在一个挂满了积灰的古老蛛网的房间里发现的，但不管是最初的机械狼蛛，还是绘制图纸的工程师，全都不知所踪。,|cFFFFD200专业技能：|r争霸艾泽拉斯工程学,2530,147619,286514,1511262,9,2,3,6,7,0
机械蟑螂在末日浩劫后幸存的几率要低于活生生的蟑螂，所以这种工程学发明的实用性受到了质疑。,|cFFFFD200商人出售：|r麦克罗·祖克斯|n|cFFFFD200地区：|r丹莫罗|n|cFFFFD200价格：|r1|Hitem:165835|h|TInterface\ICONS\INV_Misc_EngGizmos_35.blp:0|t|h,2531,147671,286574,294474,9,2,2,6,7,0
诺莫瑞根所有的机械都有辐射，所以在毫无光亮的情况下，可以看到这些耗子会发出柔和的绿光。,|cFFFFD200商人出售：|r麦克罗·祖克斯|n|cFFFFD200地区：|r丹莫罗|n|cFFFFD200价格：|r2|Hitem:165835|h|TInterface\ICONS\INV_Misc_EngGizmos_35.blp:0|t|h,2532,147679,286576,2126350,3,2,2,6,7,0
警报犬本来是用来做安保的，但因为太萌了，所以人人都想要一只。,|cFFFFD200商人出售：|r麦克罗·祖克斯|n|cFFFFD200地区：|r丹莫罗|n|cFFFFD200价格：|r3|Hitem:165835|h|TInterface\ICONS\INV_Misc_EngGizmos_35.blp:0|t|h,2533,147692,286582,1567069,9,2,2,6,7,0
没人知道为什么有人想要制作诺莫瑞根的机械的缩小版，但这些缩小版的机械的确是很好的玩伴。,|cFFFFD200成就：|r宠物对战挑战：诺莫瑞根|n|cFFFFD200分类：|r宠物对战,2534,147838,286790,132241,9,82,5,6,7,0
德鲁斯瓦的诡异魔法产生了一些无法想象的生物。其中有些依然潜伏在阴影中，而另一些则似乎完全是由阴影本身所构成。,|cFFFFD200成就：|r全谱系战魔|n|cFFFFD200类型：|r对战,2535,147884,286837,136221,5,82,5,6,7,0
赞达拉的迅猛龙很小的时候就会长出羽毛，看似很容易沦为猎物。可事实上，这些小魔鬼什么都吃，而且它们基本上不存在什么天敌。,|cFFFFD200宠物对战：|r祖达萨,2537,148517,0,2459292,7,26,4,6,7,0
跟很多物种一样，你可以通过所发现的最大的爪子来推测完全成年的迅猛龙究竟是怎样的庞然大物。,|cFFFFD200掉落：|r窃蛋龙恩查拉|n|cFFFFD200地区：|r祖达萨,2538,148520,287997,2459296,7,2,0,6,7,0
史书记载的第一场胜仗是在赞达拉发生的一场大战。那时，伟大的战士们驾驭着装甲迅猛龙冲入战阵。据说，并不是由战士选择胯下的迅猛龙，而是由迅猛龙选择背上的战士。,|cFFFFD200商人出售：|r供应商烈炉|n|cFFFFD200地区：|r提拉加德海峡|n|cFFFFD200价格：|r100|Hcurrency:1717|h|TInterface\ICONS\INV_AllianceWarEffort.BLP:0|t|h,2539,148524,288006,2459293,7,2,2,6,7,0
一天的某些时分，阳光照射到这种迅猛龙的红色羽毛上时，反射的光芒会让人以为它们身上全是火。,|cFFFFD200商人出售：|r供给商穆克拉|n|cFFFFD200地区：|r祖达萨|n|cFFFFD200价格：|r100|Hcurrency:1716|h|TInterface\ICONS\INV_HordeWarEffort.BLP:0|t|h,2540,148525,288009,2459294,7,2,2,6,7,0
这种上流鹦鹉只服务于最著名的水手。,|cFFFFD200地区：|r海妖岛|n|cFFFFD200掉落：|r海盗|n,2541,148542,288054,1716281,2,2,0,6,7,0
黑海岸的哨卫猫头鹰永远都会保护自己的家园。,|cFFFFD200掉落：|r终焰者MkV型|n|cFFFFD200地区：|r黑海岸|n|n|cFFFFD200掉落：|r阿希尔·露火|n|cFFFFD200地区：|r黑海岸,2544,148781,288486,1387709,2,2,0,6,7,0
塞克拉鲁斯来到黑海岸时，这儿到处都出现了旋风。这些旋风里有些逐渐消散了，另一些则回到了塞克拉鲁斯身边，被它周围的呼啸之风所吸收。,|cFFFFD200掉落：|r塞克拉鲁斯|n|cFFFFD200地区：|r黑海岸,2545,148784,288582,132119,6,2,0,6,7,0
如果你想讲述一个比皮普·急智那些被危险怪兽吞进肚子的经历更荒诞的故事，结局就会变成这样。,|cFFFFD200掉落：|r康法格罗斯|n|cFFFFD200地区：|r黑海岸,2546,148825,288592,1269439,3,2,0,6,7,0
海德拉斯小水滴同时也是高级的润肤用品。,|cFFFFD200掉落：|r海德拉斯|n|cFFFFD200地区：|r黑海岸,2547,148841,288595,636335,6,2,0,6,7,0
达纳苏斯有一棵知识古树在他生命的最后关头拯救了这个树人，他用一道魔法光环阻止烈焰进一步伤害它。,|cFFFFD200掉落：|r兹姆卡加|n|cFFFFD200地区：|r黑海岸|n|n|cFFFFD200掉落：|r安努|n|cFFFFD200地区：|r黑海岸,2548,148843,288597,135829,6,2,0,6,7,0
这只水母的情况不太好。现在它会用五十只不同的眼睛来看东西。,|cFFFFD200掉落：|r深渊滑行者索苟斯|n|cFFFFD200地区：|r黑海岸,2549,148844,288598,537022,5,2,0,6,7,0
身为战士，祖阿其曾经拥有盖世之力，但这力量却被某个未知的敌人盗走并吸收了。,|cFFFFD200掉落：|r暮光预言者格莱米|n|cFFFFD200地区：|r黑海岸,2550,148846,288600,1386549,5,2,0,6,7,0
这种驼鹿宝宝嬉闹时随意的一踢就足以把一个兽人踢飞。,|cFFFFD200掉落：|r海岛探险|n,2551,148976,288867,1387706,7,2,0,6,7,0
我们对这个物种还知之甚少，但有一点很明确：蝙蝠不是昆虫。,|cFFFFD200掉落：|r海岛探险|n,2552,148979,288868,132182,2,2,2,6,7,0
趁它还没化为尘埃，好好珍稀吧。,|cFFFFD200掉落：|r海岛探险|n,2553,148981,288870,1100170,3,2,0,6,7,0
针背箭猪在海岛气候下生存下来是因为它们进化出了额外的运气。,|cFFFFD200掉落：|r海岛探险|n,2554,148982,288875,644001,4,2,0,6,7,0
白化的渡鸦极其罕见，无尽之海上的商人们都对其趋之若鹜。,|cFFFFD200商人出售：|r克拉丽莎船长|n|cFFFFD200地区：|r提拉加德海峡|n|cFFFFD200价格：|r200|Hcurrency:1710|h|TInterface\ICONS\INV_Misc_AzsharaCoin.BLP:0|t|h|n|n|cFFFFD200商人出售：|r泽塔佳船长|n|cFFFFD200地区：|r祖达萨|n|cFFFFD200价格：|r200|Hcurrency:1710|h|TInterface\ICONS\INV_Misc_AzsharaCoin.BLP:0|t|h,2555,148985,288890,1733738,2,2,2,6,7,0
虽然才刚孵化不久，但它的利爪已经足以刺穿许多较小的动物的皮肉。,|cFFFFD200掉落：|r海岛探险|n,2556,148984,288889,1733737,2,2,0,6,7,0
据说，焰刺黄蜂的叮咬是所有黄蜂中最难受的之一，会让你有剧烈的灼痛感。,|cFFFFD200掉落：|r海岛探险|n,2557,148988,288895,2027905,2,2,0,6,7,0
湾林镇的其他居民都向疯狂屈服后，汪汪勋爵获得了这个头衔。,|cFFFFD200掉落：|r海岛探险|n|n,2558,148989,288901,877481,7,2,0,6,7,0
它解决问题的唯一方法就是：鞭笞。,|cFFFFD200掉落：|r海岛探险|n,2559,148990,288910,2399293,8,2,0,6,7,0
主要行为包括：翻滚、晒太阳、呜咽着要求挠肚子，以及享受挠肚子的快乐。,|cFFFFD200掉落：|r海岛探险|n|n,2560,148991,288914,797544,7,2,0,33,7,0
这种龙很小的时候才能接受训练，所以约伦达尔的居民经常捕捉这种龙崽。,|cFFFFD200掉落：|r海岛探险|n,2561,148995,288916,134154,1,2,0,6,7,0
猩红色的八爪鱼比其他的同类长得更大，也更耐寒，它们能够承受住深海的极强水压。,|cFFFFD200商人出售：|r克拉丽莎船长|n|cFFFFD200地区：|r提拉加德海峡|n|cFFFFD200价格：|r100|Hcurrency:1710|h|TInterface\ICONS\INV_Misc_AzsharaCoin.BLP:0|t|h|n|n|cFFFFD200商人出售：|r泽塔佳船长|n|cFFFFD200地区：|r祖达萨|n|cFFFFD200价格：|r100|Hcurrency:1710|h|TInterface\ICONS\INV_Misc_AzsharaCoin.BLP:0|t|h,2562,148997,288919,2101158,8,2,2,6,7,0
这种猫头鹰来自巨树泰达希尔。如果有人托付哨兵部队来照料这种猫头鹰，大家都会觉得这是一种荣幸。,|cFFFFD200任务：|r新的希望|n|cFFFFD200地区：|r黑海岸|n|n|cFFFFD200掉落：|r奥威尔·史蒂文森|n|cFFFFD200地区：|r黑海岸|n|n|cFFFFD200掉落：|r晦角|n|cFFFFD200地区：|r黑海岸,2563,149205,289359,1387709,2,2,1,6,7,0
战斗机器人方便的地方就是重新组装也很容易。组装好后再添置一杆巨型镭射炮的话，下次战斗就稳操胜券了。,|cFFFFD200掉落：|r毁灭者杜克萨|n|cFFFFD200地区：|r黑海岸,2564,149348,289604,1509628,9,2,0,6,7,0
如果你真的想要在战斗中使用机械蜘蛛，就得批量购买备用的蜘蛛脚。这玩意真的很脆弱。,|cFFFFD200掉落：|r阿拉克尼|n|cFFFFD200地区：|r沃顿,2565,149361,289605,1511262,9,2,0,6,7,0
信天翁长途飞行的能力胜过艾泽拉斯的其他所有鸟类。,|cFFFFD200掉落：|r普罗德摩尔海军部补给品,2566,149363,289606,132923,2,2,0,6,7,0
赤红蝙蝠与其他绝大多数蝙蝠不同的是，它们真的没有视力，纯粹依靠回声定位来飞行。,|cFFFFD200掉落：|r塔兰吉远征队补给品,2567,149372,289622,2103883,2,2,0,6,7,0
钴蓝渡鸦的羽毛在月光下会发出幽光，所以在夜间非常显眼。,|cFFFFD200掉落：|r灰烬骑士团补给品|n,2568,149375,289629,136076,2,2,0,6,7,0
深渊鳗鱼能够吞食并消化它们身体宽度两倍的猎物。,|cFFFFD200掉落：|r风暴之末补给品|n,2569,149376,289633,2027957,8,2,0,6,7,0
蟹蟹先生在一场漫长的乱斗中，击败了差不多十几只其他的寄居蟹，然后才赢得了它现在背上的这只贝壳。,|cFFFFD200世界事件：|r儿童周,2575,150098,291203,2027914,8,2,1,6,7,0
喙喙最喜欢的食物是鸦莓。,|cFFFFD200世界事件：|r儿童周,2576,150119,291214,1738683,8,2,1,6,7,0
青绿色青蛙的皮肤有时候会在阳光下闪闪发亮，可以与水面融为一体，提供绝佳的掩护。,|cFFFFD200世界事件：|r儿童周,2577,150120,291215,2399261,8,2,1,6,7,0
巨蜥鳞片的柔韧性和耐久度都好得出奇，人们经常用它来加固或修理破损和陈旧的物品。,|cFFFFD200世界事件：|r儿童周,2578,150126,291223,2027841,1,2,1,6,7,0
魁麟生性忠心耿耿，所以古老的魔古族特别青睐它们。,|cFFFFD200掉落：|r石头守卫|n|cFFFFD200地区：|r魔古山宝库,2579,150354,291513,645792,7,2,0,6,7,0
过于频繁地闯入灵魂世界可能会对你的健康产生不良影响。,|cFFFFD200掉落：|r缚灵者戈拉亚|n|cFFFFD200地区：|r魔古山宝库,2580,150356,291515,801002,3,2,0,6,7,0
纳拉克煞引擎受到了许多强大生物的保护，此外也有一些个头不太大的保护者。,|cFFFFD200掉落：|r伊拉贡|n|cFFFFD200地区：|r魔古山宝库,2581,150357,291517,2622569,5,2,0,6,7,0
许多世纪以来，它一直都是一尊雕像，一动不动，但现在走起路来腿脚还是那么灵活。,|cFFFFD200掉落：|r秦希|n|cFFFFD200地区：|r魔古山宝库,2582,150360,291533,646675,5,2,0,254,7,0
这头小龙最喜欢做的事情就是追逐自己的尾巴。,|cFFFFD200掉落：|r烛龙|n|cFFFFD200地区：|r永春台,2583,150365,291537,1247267,1,2,0,6,7,0
众所周知，潘达利亚的元素之灵会花费很多年来制定恶作剧的计划，以此作弄毫无戒心的拜访者。,|cFFFFD200掉落：|r雷施|n|cFFFFD200地区：|r永春台,2584,150372,291537,774324,6,2,0,6,7,0
别让它们在午夜之后进食，据说这样做会非常危险。,|cFFFFD200掉落：|r皇家宰相佐尔洛克|n|cFFFFD200地区：|r恐惧之心,2585,150374,291548,624012,2,2,0,6,7,0
处在漆黑的环境里时，这些萤火虫发出的光芒让人心里感到平静，但又觉得有哪里不对劲。,|cFFFFD200掉落：|r刀锋领主塔亚克|n|cFFFFD200地区：|r恐惧之心,2586,150375,291549,2626043,2,2,0,6,7,0
恐虫具有强烈的攻击性，刚学会走路时就会吃掉所有能吃的东西，如果碰到吃不了的，就会把它砸碎。,|cFFFFD200掉落：|r加拉隆|n|cFFFFD200地区：|r恐惧之心,2587,150377,291553,624010,7,2,0,6,7,0
螳螂妖非常依赖琥珀，很多事情都是用琥珀来完成的，他们的某些魔法也需要使用琥珀。,|cFFFFD200掉落：|r琥珀塑形者昂舒克|n|cFFFFD200地区：|r恐惧之心,2589,150380,291556,646670,5,2,0,6,7,0
这个小怪物是最危险的煞魔的后代，它有不少宏伟的计划，但这些计划要付诸实施还得等上几千年。,|cFFFFD200掉落：|r大女皇夏柯希尔|n|cFFFFD200地区：|r恐惧之心,2590,150381,291560,135782,6,2,0,6,7,0
它有多萌，就有多邪恶。,|cFFFFD200成就：|r缰绳来袭VI：熊猫人之萌|n|cFFFFD200分类：|r收集,2591,150385,291561,2735130,6,131154,5,6,7,0
,,2592,150858,0,1338622,7,1056,-1,6,7,0
,,2593,150906,0,294474,4,32,-1,6,7,0
,,2594,150907,0,463491,4,32,-1,6,7,0
,,2595,150908,0,646782,3,32,-1,6,7,0
,,2596,150910,0,136194,5,32,-1,6,7,0
,,2597,150911,0,237373,3,32,-1,6,7,0
,,2598,150912,0,132196,3,32,-1,6,7,0
,,2599,150913,0,134180,5,32,-1,6,7,0
,,2600,150914,0,236548,3,32,-1,6,7,0
,,2601,150915,0,458967,3,32,-1,6,7,0
,,2602,150917,0,236458,3,1056,-1,6,7,0
,,2603,150918,0,1100170,3,1056,-1,6,7,0
,,2605,150919,0,134179,3,32,-1,6,7,0
,,2606,150920,0,1354171,1,32,-1,6,7,0
,,2607,150921,0,254094,3,32,-1,6,7,0
,,2608,150922,0,2492254,3,1056,-1,6,7,0
,,2609,150923,0,1500940,5,32,-1,6,7,0
,,2611,150924,0,2492256,5,32,-1,6,7,0
,,2612,150925,0,134180,5,1056,-1,6,7,0
,,2613,150929,0,133729,3,1056,-1,6,7,0
这个黑石之王只有口袋那么大，没办法对任何职业下诅咒，但光是咒骂的话，它还是很在行的。,|cFFFFD200魔兽世界十五周年|r|n,2621,151779,294206,2615850,1,82,6,6,7,0
这些炫目的小恐龙的外皮颜色非常独特，一代又一代的制皮匠人都渴望拥有这种皮革。,|cFFFFD200世界事件：|r冬幕节|n,2622,151780,294211,2741548,7,2130,6,6,7,0
别被朵蒂那柔软的毛皮和水汪汪的大眼睛骗了，她那细小的牙齿非常锋利，当然不光只是拿来嚼草根的。,|cFFFFD200游戏商城|r,2623,151788,294231,2735061,7,82,9,6,7,0
有人说，施法者的力量之源是他们的胡子，这个说法不对。帽子才是魔力的真正源泉。,|cFFFFD200成就：|r宠物对战挑战：斯坦索姆|n|cFFFFD200分类：|r宠物对战,2638,154445,300387,1337422,3,82,5,6,7,0
纳沙塔尔的螃蟹在突然没水的情况下似乎并不苦恼。,|cFFFFD200宠物对战：|r纳沙塔尔,2645,154697,0,2027869,8,26,4,6,7,0
这种螃蟹的壳颜色很亮，容易被捕食者发现，所以它们一般都躲在阴影里。,|cFFFFD200宠物对战：|r纳沙塔尔,2646,154702,0,2027887,8,26,4,6,7,0
纳沙塔尔的这类寄居蟹的甲壳十分耀眼，艾泽拉斯的珠宝匠看到了都会非常兴奋。,|cFFFFD200宠物对战：|r纳沙塔尔,2647,154704,0,2027923,8,26,4,6,7,0
鸣脊蟹在野外看到猎物时，会发出独特的咔嗒声。,|cFFFFD200宠物对战：|r纳沙塔尔,2648,154706,0,1508490,8,26,4,6,7,0
这种螃蟹的“低音”在水下也能听到，其实就是它们较小的钳子发出的。,|cFFFFD200宠物对战：|r纳沙塔尔,2649,154708,0,1508489,8,26,4,6,7,0
这种信天翁的体形比内陆的稍微小一点，能飞跃海洋，穿行极远的距离。,|cFFFFD200宠物对战：|r纳沙塔尔,2650,154710,0,1929246,2,26,4,6,7,0
纳沙塔尔的这种深海狂鱼一直都是纳迦的主食。,|cFFFFD200宠物对战：|r纳沙塔尔,2651,154712,0,2564610,8,26,4,6,7,0
有些狂鱼已经被深渊的低语染指，它们想要鲜血来染红海潮。,|cFFFFD200宠物对战：|r纳沙塔尔,2652,154714,0,2564610,8,26,4,6,7,0
这种蜗牛所处的深海的水压极高，从而使其形成了独特的贝壳形状。,|cFFFFD200宠物对战：|r纳沙塔尔,2653,154716,0,2530492,4,26,4,6,7,0
即使是在无尽之海无光的海沟和峡谷里，依然有生命存在。,|cFFFFD200宠物对战：|r永恒王宫,2657,154718,0,2530494,4,26,4,6,7,0
深海里潜伏着许多让人胆寒的东西，但基本都无法与鸣脊之巢相比。,|cFFFFD200宠物对战：|r永恒王宫|n,2658,154720,0,1508493,8,26,4,6,7,0
如果你正在深潜，而一只这种东西贴到了你的腿上，别担心——它们不太有害。,|cFFFFD200宠物对战：|r永恒王宫,2659,154722,0,2763646,4,26,4,6,7,0
还需要说什么吗？蛞蝓当然喜欢泥巴了。,|cFFFFD200宠物对战：|r纳沙塔尔,2660,154724,0,2763642,4,26,4,6,7,0
水豚的嗅觉极佳，可以在雪地里或垃圾堆当中轻松地找出草叶和种子。,|cFFFFD200宠物对战：|r麦卡贡,2661,154767,0,2205589,7,26,4,6,7,0
暮齿水豚的皮毛颜色很暗，它们可以轻易地躲藏在麦卡贡岛的垃圾堆里。,|cFFFFD200宠物对战：|r麦卡贡,2662,154769,0,2205590,7,26,4,6,7,0
麦卡贡的所有生物中，蟑螂似乎受到的影响最小。,|cFFFFD200宠物对战：|r麦卡贡,2663,154771,0,294474,4,26,4,6,7,0
试验导致这种蟑螂的体形变大了许多。这样的结果是大家都不希望看到的。,|cFFFFD200宠物对战：|r麦卡贡,2664,154773,0,294474,4,26,4,6,7,0
麦卡贡的青蛙族群在面对机械化的威胁时，有两种选择：躲藏起来，或者拼命繁殖。而这种青蛙选择了后者。,|cFFFFD200宠物对战：|r麦卡贡,2665,154775,0,2399262,8,26,4,6,7,0
麦卡贡的青蛙族群在面对机械化的威胁时，有两种选择：躲藏起来，或者拼命繁殖。而这种青蛙选择了前者。,|cFFFFD200宠物对战：|r麦卡贡,2666,154777,0,2399264,8,26,4,6,7,0
麦卡贡岛的机械青蛙已经进化到可以食用各种机械昆虫了，其中的缘由依然是个谜。,|cFFFFD200宠物对战：|r麦卡贡,2667,154779,0,2399254,9,26,4,6,7,0
麦卡贡国王的实验成果在城里和岛上四处可见。,|cFFFFD200宠物对战：|r麦卡贡行动,2668,154781,0,2399251,9,26,4,6,7,0
麦卡贡仅存的血肉生物之一。它们既是储备粮，也是锈栓镇居民的伙伴。,|cFFFFD200宠物对战：|r麦卡贡,2669,154783,0,2027862,2,26,4,6,7,0
生物机械化的实验把麦卡贡的小动物都赶跑了，剩下的也躲了起来。,|cFFFFD200宠物对战：|r麦卡贡,2670,154785,0,2126353,4,26,4,6,7,0
97号实验品在被彻底机械化之前从笼子里逃了出来。现在，他渴望复仇。,|cFFFFD200宠物对战：|r麦卡贡,2671,154787,0,2126366,9,26,4,6,7,0
虽然它们不是真正的老鼠，但也像真的老鼠一样占领了麦卡贡市的街巷，而且还会传播病毒程序，于是大家便这样称呼它们。,|cFFFFD200宠物对战：|r麦卡贡行动,2672,154789,0,2126359,9,26,4,6,7,0
这些小动物的代码里写入了掘地倾向。如今，它们的功能主要就是分解如山的垃圾堆。,|cFFFFD200宠物对战：|r麦卡贡,2673,154791,0,2126361,9,26,4,6,7,0
你需要搭把手吗？找它就对了。,|cFFFFD200宠物对战：|r麦卡贡行动,2674,154794,0,1521022,9,131098,4,6,7,0
麦卡贡的机械师把城里很多活儿都交给机械了，但他们也会花很多时间来修理和维护自己的发明。,|cFFFFD200宠物对战：|r麦卡贡行动,2675,154796,0,1521022,9,131098,4,6,7,0
它已经不记得最初的程序目标了，现在只想与其他宠物对战。,|cFFFFD200宠物对战：|r麦卡贡,2676,154798,0,2735924,9,26,4,6,7,0
格瑞姆巴托外重新出现了龙崽，这让红龙军团很担心——这座失落之城有点不对劲了。,|cFFFFD200宠物对战：|r暮光高地,2677,154803,0,134154,1,26,4,6,7,0
纳沙塔尔的海沟和峡谷里栖息的鳗鱼是此区域的许多生物的美餐。,|cFFFFD200宠物对战：|r纳沙塔尔,2678,154814,0,2027955,8,26,4,6,7,0
精通戳、刺、插、挖。,|cFFFFD200宝藏：|r艾萨拉宝箱|n|cFFFFD200地区：|r永恒王宫,2680,154819,301015,2267048,0,2,0,6,7,0
姆格勒的鱼人部族是少有的几个成功击退了纳迦的奴役的部族之一。,|cFFFFD200掉落：|r加库拉大王|n|cFFFFD200地区：|r纳沙塔尔,2681,154820,301042,3004140,0,2,0,6,7,0
据说，亡鳍部族在海底的一些符文石板上找到了通灵术的记载。,|cFFFFD200掉落：|r盲光|n|cFFFFD200地区：|r纳沙塔尔,2682,154821,301043,970832,0,2,0,6,7,0
别被这只小怪兽萌住了，只要你一不留神，它就会戳你的脚踝。,|cFFFFD200成就：|r水电组合|n|cFFFFD200分类：|r宠物对战,2683,154822,301020,2267049,0,82,5,6,7,0
这种稀有的螃蟹主要发现于纳沙塔尔，它可以轻松躲藏在广阔的海藻和珊瑚群里。,|cFFFFD200掉落：|r沙爪岩壳蟹|n|cFFFFD200地区：|r纳沙塔尔,2684,154823,301021,2027870,8,2,0,6,7,0
只要你肯努力，什么东西都可以拿来当巢。,|cFFFFD200宝藏：|r微光宝箱|n|cFFFFD200地区：|r纳沙塔尔|n,2685,154824,301022,2027879,8,2,1,6,7,0
如果阳光以特定的角度照射到它的壳上，就能散射出万丈光芒。,|cFFFFD200商人出售：|r工匠奥卡塔|n|cFFFFD200地区：|r纳沙塔尔|n|cFFFFD200价格：|r150|Hcurrency:1721|h|TInterface\ICONS\inv_misc_enchantedpearlF.blp:0|t|h|n|n|cFFFFD200商人出售：|r发现者普路克|n|cFFFFD200地区：|r纳沙塔尔|n|cFFFFD200价格：|r150|Hcurrency:1721|h|TInterface\ICONS\inv_misc_enchantedpearlF.blp:0|t|h|n|n|cFFFFD200掉落：|r虹光烁壳蟹|n|cFFFFD200地区：|r纳沙塔尔,2686,154825,301023,2027919,8,2,2,6,7,0
很早以前就被发现了，一直都被当作礼物而精心收藏着，当局势有变时，它就能起到重要作用。,|cFFFFD200任务：|r闪光的贝壳|n,2687,154826,301024,2027920,8,18,1,6,7,0
很早以前就被发现了，一直都被当作礼物而精心收藏着，当局势有变时，它就能起到重要作用。,|cFFFFD200任务：|r深海佳丽|n,2688,154827,301025,2027923,8,18,1,6,7,0
鸣脊蟹很少出现这种进化，它细长的棘刺能够穿透软肉和眼睛。,|cFFFFD200掉落：|r针脊|n|cFFFFD200地区：|r纳沙塔尔,2689,154828,301026,1508493,8,2,0,6,7,0
黑暗的水下洞穴像不像梦魇？现在有了这些东西就更像了。而且它们还特别喜欢呆在这种地方。,|cFFFFD200掉落：|r窟晦恐蟹|n|cFFFFD200地区：|r纳沙塔尔,2690,154829,301027,1508492,8,2,0,6,7,0
这些阴森的螃蟹会被血腥味吸引，而且战斗会令它们陶醉万分。,|cFFFFD200商人出售：|r克拉提库斯·曼比德尔|n|cFFFFD200地区：|r纳沙塔尔|n|cFFFFD200价格：|r30|Hitem:168802|h|TInterface\ICONS\inv_misc_token_pvp01.BLP:0|t|h|n|n|cFFFFD200商人出售：|r达兹里安|n|cFFFFD200地区：|r纳沙塔尔|n|cFFFFD200价格：|r30|Hitem:168802|h|TInterface\ICONS\inv_misc_token_pvp01.BLP:0|t|h,2691,154830,301028,1508489,8,2,2,6,7,0
无光的洞穴中，甲壳明亮的色彩对你的眼睛造成的影响就如同遭到了伏击一般。,|cFFFFD200掉落：|r艾什凡女勋爵|n|cFFFFD200地区：|r永恒王宫,2692,154831,301029,1508488,8,2,0,6,7,0
在某个谁都不知道的黑暗之地，纳拉达的孩子在海床上翻腾着，仿佛是生与死之毯。,|cFFFFD200掉落：|r古裔纳拉达|n|cFFFFD200地区：|r纳沙塔尔,2693,154832,301030,2027953,8,2,0,6,7,0
永恒王宫之外的无尽深渊中，人的心智会被黑暗所吞噬。,|cFFFFD200掉落：|r黑水巨鳗|n|cFFFFD200地区：|r永恒王宫,2694,154833,301031,2564610,8,2,0,6,7,0
纳沙塔尔的狂鱼知道，如果不集体行动，就会被深渊中无数的猎食者吞噬。,|cFFFFD200掉落：|r刀齿恐鱼|n|cFFFFD200地区：|r纳沙塔尔,2695,154834,301032,2564610,8,2,0,6,7,0
上古之神对纳沙塔尔的水生生物的影响不容置疑，它们很多都已经变成了恩佐斯的眼线，无意识地游荡着。,|cFFFFD200掉落：|r扎库尔|n|cFFFFD200地区：|r永恒王宫,2696,154835,301033,2101158,8,2,0,6,7,0
尖壳蜗牛幼年时期的壳较软，稍微长大之后就会变硬。,|cFFFFD200掉落：|r紫水晶尖壳蜗牛|n|cFFFFD200地区：|r纳沙塔尔,2697,154836,301034,2530493,4,2,0,6,7,0
幼年的棱彩尖壳蜗牛的壳较软，但也依然能发出钻石般的光彩。,|cFFFFD200商人出售：|r代言人尤提亚|n|cFFFFD200地区：|r纳沙塔尔|n|cFFFFD200阵营：|r剑鱼人 - 崇拜|n|cFFFFD200价格：|r500|TINTERFACE\MONEYFRAME\UI-GOLDICON.BLP:0|t,2698,154837,301035,2530489,4,2,2,6,7,0
这种深水蛞蝓的色调极其明亮，仿佛散发着柔和而温暖的光芒。,|cFFFFD200商人出售：|r阿托莉亚·海珠|n|cFFFFD200地区：|r纳沙塔尔|n|cFFFFD200阵营：|r破镣者 - 崇拜|n|cFFFFD200价格：|r500|TINTERFACE\MONEYFRAME\UI-GOLDICON.BLP:0|t,2699,154838,301036,2763644,4,2,2,6,7,0
当心耳朵。,|cFFFFD200掉落：|r深泽爬行者|n|cFFFFD200地区：|r纳沙塔尔,2700,154839,301037,2763647,4,2,0,6,7,0
元素总会为圣物而征战不休，而潮汐之石从来都是他们最渴望的圣物之一。,|cFFFFD200掉落：|r泰丰努斯亲王|n|cFFFFD200地区：|r纳沙塔尔,2701,154840,301038,135861,6,2,0,6,7,0
潮汐之石会为风暴和大海的仆从提供力量，所以两方都希望得到它。,|cFFFFD200掉落：|r沃特兰亲王|n|cFFFFD200地区：|r纳沙塔尔,2702,154841,301039,236154,6,2,0,6,7,0
这堆会动的沙子捏起来很好玩，但它其实不喜欢你这么做。,|cFFFFD200掉落：|r沙堡|n|cFFFFD200地区：|r纳沙塔尔,2703,154842,301040,796636,6,2,0,6,7,0
纳沙塔尔的多头蛇族母经常会偷窃甚至摧毁其他族母的蛋，所以你根本无法预测蛋里会孵出什么。,|cFFFFD200掉落：|r纳沙塔尔,2704,154843,301041,463493,8,2,0,6,7,0
站在卤岩藻魔身边时，你会回想起大海的味道，里面还夹杂着腐烂海藻的气味。,|cFFFFD200掉落：|r阿法留斯|n|cFFFFD200地区：|r纳沙塔尔,2706,154845,301044,960692,6,2,0,34,7,0
通过这项证据我们知道了，藻魔是通过出芽繁殖的。争论终于可以告一段落了。,|cFFFFD200掉落：|r岩草蹒跚者|n|cFFFFD200地区：|r纳沙塔尔,2707,154846,301045,960692,6,2,0,34,7,0
纳沙塔尔的掠食珊瑚在合适的条件下可以飞快地成长。,|cFFFFD200掉落：|r食肉鞭笞者|n|cFFFFD200地区：|r纳沙塔尔,2708,154847,301046,2027890,6,2,0,6,7,0
纳沙塔尔的鳗鱼是藏身专家，善于躲在海床的缝隙里和石头下。,|cFFFFD200掉落：|r沃科斯|n|cFFFFD200地区：|r纳沙塔尔,2709,154848,301047,133898,8,2,0,6,7,0
巨浪吞没辛艾萨莉时，并非所有生物都幸运地获得了恩佐斯的赐福。,|cFFFFD200商人出售：|r管理员菲拉娜|n|cFFFFD200地区：|r纳沙塔尔|n|cFFFFD200价格：|r40|Hcurrency:1721|h|TInterface\ICONS\inv_misc_enchantedpearlF.blp:0|t|h,2710,154849,301048,656241,3,2,2,6,7,0
金色的斯诺夫的诞生实在是百年难遇，以至于连麦卡贡国王都无法强迫自己将这只可爱的、毛茸茸的朋友机械化。,|cFFFFD200掉落：|r麦卡贡国王|n|cFFFFD200地区：|r麦卡贡（史诗）|n,2711,154850,301049,2205591,7,2,0,6,7,0
这种水豚是所有水豚里皮毛最软的。但讽刺的是，它并不喜欢被摸。,|cFFFFD200掉落：|r真菌人狂热者|n|cFFFFD200地区：|r麦卡贡,2712,154851,301050,2205588,7,2,0,6,7,0
这种水豚很稀有，而且很难找到。大家知道的是，它会在潮湿的植物丛深处筑巢。,|cFFFFD200商人出售：|r失窃的御用贩卖机|n|cFFFFD200地区： |r麦卡贡|n|cFFFFD200阵营：|r锈栓抵抗军 - 尊敬|n|cFFFFD200价格：|r500|TINTERFACE\MONEYFRAME\UI-GOLDICON.BLP:0|t,2713,154852,301051,2205593,7,2,2,6,7,0
经过这么多年，最早的导航道标原型机已经获得了许多进步。,|cFFFFD200地区：|r麦卡贡,2714,154853,301052,3004141,9,2,0,6,7,0
虽然不知道这手臂本来的主人是谁，但他肯定没法把这东西要回去了。,|cFFFFD200掉落：|r失控的机械兽|n|cFFFFD200地区：|r麦卡贡,2715,154854,301053,1521022,9,131074,0,6,7,0
虽然这项发明很好用，但它的代码会命令它鄙视所有跟手有关的笑话。,|cFFFFD200专业技能：|r垃圾场匠技,2716,154855,301054,1521022,9,131074,3,6,7,0
这种微型机器人是锈栓镇退役的守卫，现已盛惠热卖中。,|cFFFFD200专业技能：|r垃圾场匠技,2717,154856,301055,2735922,9,2,3,6,7,0
他的程序令他获得了存在感，对此他非常高兴。,|cFFFFD200掉落：|rHK-8型空中压制单位|n|cFFFFD200地区：|r麦卡贡行动,2718,154857,301056,2735923,9,2,0,6,7,0
绝对不要让他咬你的骨头。,|cFFFFD200掉落：|r剔骨者|n|cFFFFD200地区：|r麦卡贡,2719,154893,301136,2027842,1,2,0,6,7,0
谁都不知道这些机械蜘蛛是谁造出来的，但大家都对它们恨之入骨。,|cFFFFD200掉落：|r机甲狼蛛|n|cFFFFD200地区：|r麦卡贡,2720,154894,301137,2493081,9,2,0,6,7,0
即使是很小的软泥怪也可以吞掉一个侏儒。,|cFFFFD200物品：|r一箱整理过的辐射零件,2721,154904,301162,132108,5,2,1,6,7,0
,,2723,154910,0,2267047,0,33840,-1,6,7,0
,,2724,154911,0,2766227,7,33840,-1,6,7,0
,,2725,154912,0,2620775,2,33840,-1,6,7,0
,,2726,154913,0,1508489,8,33840,-1,6,7,0
,,2727,154914,0,2027921,8,33840,-1,6,7,0
,,2728,154915,0,2027958,8,33840,-1,6,7,0
,,2729,154916,0,463493,8,33840,-1,6,7,0
,,2730,154917,0,254105,5,33840,-1,6,7,0
,,2731,154918,0,960692,6,33840,-1,6,7,0
,,2732,154919,0,237584,7,33840,-1,6,7,0
,,2733,154920,0,2564610,8,33840,-1,6,7,0
,,2734,154921,0,2530489,4,33840,-1,6,7,0
,,2735,154922,0,132108,5,33840,-1,6,7,0
,,2736,154923,0,2735924,9,33840,-1,6,7,0
,,2737,154924,0,2735920,9,33840,-1,6,7,0
,,2738,154925,0,2620863,9,33840,-1,6,7,0
,,2739,154926,0,2574425,9,33840,-1,6,7,0
,,2740,154927,0,3004141,9,33840,-1,6,7,0
,,2741,154928,0,2399248,9,33840,-1,6,7,0
,,2742,154929,0,2126356,9,33840,-1,6,7,0
他打嗝时喷出的恶臭就足以毁掉你一天的好心情。,|cFFFFD200商人出售：|r肖恩·维克斯|n|cFFFFD200地区：|r东瘟疫之地|n|cFFFFD200价格：|r3|Hitem:169665|h|TInterface\ICONS\INV_Misc_Bone_HumanSkull_01.blp:0|t|h,2747,155240,301985,2492254,3,82,2,6,7,0
它每颤动一次颚骨，就是在为某人带去梦魇。,|cFFFFD200商人出售：|r肖恩·维克斯|n|cFFFFD200地区：|r东瘟疫之地|n|cFFFFD200价格：|r1|Hitem:169665|h|TInterface\ICONS\INV_Misc_Bone_HumanSkull_01.blp:0|t|h,2748,155244,301992,132196,3,82,2,6,7,0
六条腿、两个爪子、很多只眼睛，蜘蛛形的身体。它简直集中了所有的恐怖要素！,|cFFFFD200商人出售：|r肖恩·维克斯|n|cFFFFD200地区：|r东瘟疫之地|n|cFFFFD200价格：|r2|Hitem:169665|h|TInterface\ICONS\INV_Misc_Bone_HumanSkull_01.blp:0|t|h,2749,155246,301996,237373,3,82,2,6,7,0
狗狗大老远就能听到她过来了。,|cFFFFD200商人出售：|r肖恩·维克斯|n|cFFFFD200地区：|r东瘟疫之地|n|cFFFFD200价格：|r3|Hitem:169665|h|TInterface\ICONS\INV_Misc_Bone_HumanSkull_01.blp:0|t|h,2750,155248,302003,2492256,5,82,2,6,7,0
,,2751,155267,0,134179,3,32,-1,6,7,0
,,2752,155268,0,134179,3,32,-1,6,7,0
即使是他，也无法扑灭自己心中熊熊燃烧的火焰。,|cFFFFD200掉落：|r防窃者首领|n|cFFFFD200地区：|r麦卡贡,2753,155600,303023,2735924,9,2,0,6,7,0
杀不死的龙，肯定很安全，是吧？,|cFFFFD200掉落：|r海岛探险,2754,154165,300367,134158,3,2,0,6,7,0
上一个想查看它的小背包里有什么东西的人一直失踪到现在。,|cFFFFD200掉落：|r海岛探险|n,2755,154693,300934,1519435,0,2,0,6,7,0
在漆黑的地方，这个小元素可以发出无穷的绿光，真是让人感到舒心惬意。,|cFFFFD200地区：|r麦卡贡,2756,155579,303608,134576,6,2,0,6,7,0
这种水獭身上粘滑的包裹物可以有效地防止它被晒伤。,|cFFFFD200宝藏：|r粘糊糊的茧|n|cFFFFD200地区：|r纳沙塔尔,2757,151700,294275,645906,8,2,0,6,7,0
鳗鱼本来就很滑，这只是滑上加滑。,|cFFFFD200宝藏：|r粘糊糊的茧|n|cFFFFD200地区：|r纳沙塔尔,2758,151697,294278,2027955,8,2,0,6,7,0
这只小章鱼会喷射粘液，而不是墨汁。,|cFFFFD200宝藏：|r粘糊糊的茧|n|cFFFFD200地区：|r纳沙塔尔,2760,151673,294276,2101158,8,2,0,6,7,0
成年的狼牙鲷的咬合力足以穿透白金鱼竿。当心你的手指。,|cFFFFD200宝藏：|r粘糊糊的茧|n|cFFFFD200地区：|r纳沙塔尔,2761,151696,294277,2564610,8,2,0,6,7,0
这个物种生活在深海，所以对光线极其敏感。,|cFFFFD200宝藏：|r粘糊糊的茧|n|cFFFFD200地区：|r纳沙塔尔,2762,151651,294279,252780,0,2,0,6,7,0
这种寄居蟹身上的粘液可以为它提供必需的营养。如果它愿意，可以好几年都不吃东西。,|cFFFFD200宝藏：|r粘糊糊的茧|n|cFFFFD200地区：|r纳沙塔尔,2763,151632,294280,2027924,8,2,0,6,7,0
粘滑的海蛞蝓会在粘滑的海床上分泌粘滑的海蛞蝓粘液。,|cFFFFD200宝藏：|r粘糊糊的茧|n|cFFFFD200地区：|r纳沙塔尔,2765,151631,294274,2763642,8,2,0,6,7,0
不仅会走路，还会朝你扔钱的保险柜并不是存钱的好方法。,|cFFFFD200地区：|r麦卡贡,2766,155829,303784,1001977,9,2,0,277,278,0
燃尽总有烤得很好的棉花糖。,|cFFFFD200成就：|r非马非龙|n|cFFFFD200分类：|r战斗,2767,155865,303899,134179,3,2130,5,277,278,0
,,2768,155966,0,525026,6,34,-1,6,7,0
,,2769,155967,0,254650,1,34,-1,6,7,0
,,2770,155968,0,136179,3,34,-1,6,7,0
,,2771,155971,0,413580,5,32,-1,6,7,0
,,2772,155972,0,342917,3,34,-1,6,7,0
,,2774,155974,0,134555,3,34,-1,6,7,0
里奇擅长在各种狭小的空间里钻进钻出，只要你用无花果讨得了它的欢心就好。,|cFFFFD200战友招募|r,2776,157524,307264,2991181,7,16466,7,6,7,0
目前人们对这只鱼人的真正意图仍然知之甚少，但她的追随者都无比忠诚。,|cFFFFD200特殊：|r2019年暴雪嘉年华,2777,157715,307654,2921901,0,338,7,6,7,0
这只鱼人的父亲瓦鲤安过世后，看似弱不禁风的他担当起了领袖的重任。,|cFFFFD200特殊：|r2019年暴雪嘉年华|n,2778,157716,307655,2925012,0,594,7,297,298,0
即使是暗影界最小的生物也必须依赖心能才能生存。,|cFFFFD200特殊：|r“暗影国度”史诗版,2779,157969,308067,3038273,1,82,7,6,7,0
黛西的生活节奏悠然自得，如果你的肩膀能成为她的依靠，她会更加幸福。,|cFFFFD200游戏商城|r,2780,158142,308369,3150958,7,16466,9,6,321,0
据说，这种紫色的蝴蝶来自一个叫恶魔岛的地方。,|cFFFFD200掉落：|r新鲜的蜜胶块|n|cFFFFD200地区：|r斯托颂谷地,2792,158681,309516,2059635,2,2,0,6,7,0
这种蝴蝶的翅膀起初没有明显的颜色，但在日光下待久了就会慢慢变成黄色。,|cFFFFD200掉落：|r新鲜的蜜胶块|n|cFFFFD200地区：|r斯托颂谷地,2793,158683,309519,2059634,2,2,0,6,7,0
这种蝴蝶翅膀上的红色来自它的敌人的鲜血。,|cFFFFD200掉落：|r蜂蜜重击者|n|cFFFFD200地区：|r斯托颂谷地,2794,158685,309522,2059636,2,2,0,6,7,0
这只猫咪很擅长骗人，所以千万别让她甜美的喵声把你的心融化了。,|cFFFFD200掉落：|r杰娜弗尔|n,2795,159783,311289,656574,7,82,0,6,7,0
来自奥格瑞玛的惊魂幻象，浸满了虚空能量。,|cFFFFD200宝藏：|r泽坎的腐化的宝箱|n|cFFFFD200地区：|r奥格瑞玛的幻象,2796,160187,312029,237579,8,2,4,6,7,0
这只狗仔现在不光是一团毛茸茸的长牙萌物了，而是一团毛茸茸的虚空长牙萌物。,|cFFFFD200宝藏：|r萨尔的腐化的宝箱|n|cFFFFD200地区：|r奥格瑞玛的幻象,2797,160196,312030,1120427,7,2,2,6,7,0
玛卓克萨斯的魔药用了以后很难扔掉，因为它们总会回到你的身边。,|cFFFFD200任务：|r谁点的软泥？|n|cFFFFD200地区：|r玛卓克萨斯,2798,160703,312833,3459797,5,2,1,6,7,0
,,2799,161400,0,797326,7,34,-1,6,7,0
,,2800,161401,0,797326,7,34,-1,6,7,0
,,2801,161403,0,134154,1,34,-1,6,7,0
,,2802,161424,0,2565232,9,34,-1,6,7,0
,,2803,161425,0,2620862,9,34,-1,6,7,0
,,2804,161426,0,460856,5,34,-1,6,7,0
,,2805,161429,0,134908,0,34,-1,6,7,0
,,2806,161430,0,796636,6,34,-1,6,7,0
,,2807,161432,0,1006111,6,34,-1,6,7,0
,,2808,161435,0,451165,6,34,-1,6,7,0
,,2809,161438,0,132783,5,34,-1,6,7,0
,,2810,161440,0,1325312,3,34,-1,6,7,0
,,2811,161442,0,2030683,5,34,-1,6,7,0
,,2812,161443,0,1675028,1,34,-1,6,7,0
,,2814,161569,0,2735955,9,1058,-1,6,7,0
,,2815,161649,0,132189,7,1058,-1,6,7,0
,,2816,161650,0,132187,7,1058,-1,6,7,0
,,2817,161651,0,1279720,7,1058,-1,6,7,0
,,2818,161656,0,646445,0,1058,-1,6,7,0
,,2819,161657,0,1738657,8,1058,-1,6,7,0
,,2820,161658,0,2829669,9,1058,-1,6,7,0
,,2821,161661,0,1721030,7,1058,-1,6,7,0
,,2822,161662,0,2027897,3,1058,-1,6,7,0
,,2823,161663,0,515993,4,1058,-1,6,7,0
这个小可爱对法力的需求也是没有止境的，但幸运的是，它需要的量只有一丁点。,|cFFFFD200掉落：|r玛乌特|n|cFFFFD200地区：|r尼奥罗萨，觉醒之城,2832,161919,315221,537516,5,2,0,6,7,0
恩佐斯的腐化传染了许多东西，包括这只小小的阿努比萨斯。,|cFFFFD200掉落：|r莱登|n|cFFFFD200地区：|r尼奥罗萨，觉醒之城,2833,161921,315225,1728726,0,2,0,35,7,0
亚基虫巢里有无数的生物，他们的存在都是为了支持虫巢的主脑。,|cFFFFD200掉落：|r泰克利斯|n|cFFFFD200地区：|r尼奥罗萨，觉醒之城,2834,161923,315229,458247,4,2,0,35,7,0
有翅膀的亚基虫族速度很快，行动也很敏捷，在温暖的午后，它们的翅膀可以为你提供一丝清风。,|cFFFFD200掉落：|r泰克利斯|n|cFFFFD200地区：|r尼奥罗萨，觉醒之城,2835,161924,315231,2103855,2,2,0,35,7,0
"这只古怪的眼睛永远都在盯着所有人看，而且只需要每10,000年眨一次眼。",|cFFFFD200宝藏：|r黑暗帝国宝藏|n|cFFFFD200地区：|r尼奥罗萨，觉醒之城,2836,161946,315270,3004126,5,2,0,41,7,0
很难确定这团软泥是先长出了里面的一堆眼睛呢，还是说眼睛是最后剩下的。,|cFFFFD200专业技能：|r钓鱼|n|cFFFFD200地区：|r腐化的奥丹姆或锦绣谷,2837,161951,315285,1391773,5,2,0,35,7,0
每次都是克苏法，没有例外。,|cFFFFD200宝藏：|r雷克萨的腐化的宝箱|n|cFFFFD200地区：|r奥格瑞玛的幻象,2838,161959,315290,1044799,7,2,0,35,7,0
只有法力无边的存在才能让这样一只可爱的生物留下伤痕，除非……这只野兔早就已经投奔了黑暗……,|cFFFFD200宝藏：|r乌布里克的腐化的宝箱|n|cFFFFD200地区：|r暴风城的幻象,2839,161961,315297,2399280,4,2,0,35,7,0
这只猫什么都吃，从剩菜剩饭到闪烁着强大能量的神秘方块都成了它的美餐。千万记得不要站在它的嘴巴的正前方。,|cFFFFD200宝藏：|r奥蕾莉亚的腐化的宝箱|n|cFFFFD200地区：|r暴风城的幻象,2840,161962,315298,656578,7,2,0,35,7,0
最近，关于虚痕鼠比天灾鼠更好还是更坏的讨论已经越发激烈。,|cFFFFD200宝藏：|r凯尔希的腐化的宝箱|n|cFFFFD200地区：|r暴风城的幻象,2841,161963,315301,132935,4,2,0,35,7,0
这团污泥会在身后留下一道粘液，散发出的恶臭足以与在奥丹姆的沙丘中腐烂了一千年的野兽媲美。,|cFFFFD200宝藏：|r奥蕾莉亚或萨尔的腐化的宝箱|n|cFFFFD200地区：|r暴风城或奥格瑞玛的幻象,2842,161964,315302,1500933,5,2,0,33,60,0
这种甲虫的外壳因为虚空的干扰变得非常脆，但再生速度也变得快得出奇。,|cFFFFD200掉落：|r扭曲沙地的幻象的生物,2843,161966,315303,631519,4,2,0,35,7,0
每一年，这个小家伙身上的某个地方就会多长出一只眼睛。跟它的名字押韵的是……,|cFFFFD200成就：|r幻嗅|n,2844,161967,315304,3005319,5,82,5,35,7,0
他的触手会让你的大脑体验到从未有过的舒适拥抱。,|cFFFFD200掉落：|r忘却者|n|cFFFFD200地区：|r锦绣谷,2845,161954,315339,2958748,0,66,0,315,278,0
我将逐渐丧失回忆的能力，不能再清晰记住你。我就在身边和你触手可及。,|cFFFFD200掉落：|r恩佐斯的意志|n|cFFFFD200地区：|r锦绣谷,2846,161992,315353,538042,5,2,0,315,278,0
连龙息红椒也无法跟这玩意嘴里喷出的恶臭相比。,|cFFFFD200掉落：|r亚吉其莱勋爵|n|cFFFFD200地区：|r奥丹姆,2847,161997,315355,2141737,7,2,0,35,7,0
这种亚基圣甲虫擅长在任何地形打洞。,|cFFFFD200掉落：|r斯克提拉兹|n|cFFFFD200地区：|r奥丹姆,2848,162004,315360,1418495,4,2,0,35,7,0
这种俾格米骆驼总会被误认为是传说中神秘的骆驼雕像。,|cFFFFD200商人出售：|r供给官寇拉|n|cFFFFD200地区：|r奥丹姆,2849,162006,315363,454772,7,2,2,35,7,0
这个小家伙被其他奥丹姆的守护者流放和诅咒了，今后只能作为一个毫无存在感的小不点生存下去。,|cFFFFD200掉落：|r奥丹姆联军补给品,2850,162007,315367,462729,0,2,0,315,278,0
三条腿，两只手，三个眼球，剩下的仅用于紧急情况。,|cFFFFD200掉落：|r血肉融合体|n|cFFFFD200地区：|r奥丹姆,2851,162012,315370,237299,7,2,0,35,7,0
有几个胆大的矿工为了发财去追这只青玉魁麟了，但他们从此再也没了消息。,|cFFFFD200掉落：|r莱加尼补给品,2852,162013,315371,237207,7,2,0,35,7,0
别听年轻的熊猫人的胡诌，风翎鹤的翎羽根本不是风做的。,|cFFFFD200商人出售：|r章喾|n|cFFFFD200地区：|r锦绣谷,2853,162014,315372,656318,2,2,2,35,7,0
,,2854,162458,0,3004126,5,33826,-1,6,7,0
,,2855,162461,0,537022,5,33826,-1,6,7,0
,,2856,162465,0,2914896,4,33826,-1,6,7,0
,,2857,162466,0,1500940,5,33826,-1,6,7,0
,,2858,162468,0,2958751,0,33826,-1,6,7,0
,,2859,162469,0,425957,5,33826,-1,6,7,0
,,2860,162470,0,646675,0,33826,-1,6,7,0
,,2861,162471,0,624008,2,33826,-1,6,7,0
大家都不知道这些蛾子扑棱出的粉末是什么做的，而且也因为太害怕所以不敢真的去弄清楚。,|cFFFFD200宠物对战：|r奥丹姆,2863,162499,0,2103857,2,26,4,35,7,0
就连有些蝗虫也屈服于虚空的力量。这些家伙还真的能适应任何环境。,|cFFFFD200宠物对战：|r奥丹姆,2864,162502,0,294474,4,26,4,35,7,0
满月之下，它们轻快地掠过水面，堪称一道壮美的风景。,|cFFFFD200宠物对战：|r锦绣谷,2865,162518,0,643423,8,26,4,35,7,0
虚空的光辉是让它变得更亮，还是代替了它本身的光辉？也许我们永远无法知道。,|cFFFFD200宠物对战：|r锦绣谷,2866,162506,0,236196,2,26,4,35,7,0
虽然煞魔和恩佐斯的大军都想腐化这里，但金辉鸣蛐却成功地抵御了他们的两次攻击，保持了本真的自我。,|cFFFFD200宠物对战：|r锦绣谷,2867,162525,0,646325,4,26,4,35,7,0
这个名字表明，在它之前进行了12次试验，而成果还不如把几把枪塞进一只机械虎身体里。那几次试验的成果到底是什么样的？,|cFFFFD200商人出售：|r伯尔特·马克林|n|cFFFFD200地区：|r燃烧平原|n|cFFFFD200价格：|r3|Hitem:174360|h|TInterface\ICONS\INV_Jewelcrafting_ShadowsongAmethyst_02.blp:0|t|h,2868,162663,316629,606551,9,18,2,34,60,0
饲养这只熊，必须为它提供新鲜的电池和偶尔一次的换油。,|cFFFFD200商人出售：|r伯尔特·马克林|n|cFFFFD200地区：|r燃烧平原|n|cFFFFD200价格：|r2|Hitem:174360|h|TInterface\ICONS\INV_Jewelcrafting_ShadowsongAmethyst_02.blp:0|t|h,2869,162670,316628,773096,9,18,2,35,7,0
这只鞭笞者并非来自黑礁，或者群星，或者月亮之上。它只想要你喂它吃的。,|cFFFFD200商人出售：|r伯尔特·马克林|n|cFFFFD200地区：|r燃烧平原|n|cFFFFD200价格：|r1|Hitem:174360|h|TInterface\ICONS\INV_Jewelcrafting_ShadowsongAmethyst_02.blp:0|t|h,2870,162677,316627,2027892,6,18,2,35,7,0
,,2871,163534,0,134065,6,32,-1,35,7,0
虚空魔法和巨型飞虫，谁都没想到会有这样的组合。但结果却很不错！,|cFFFFD200任务：|r长得真快|n|cFFFFD200地区：|r奥丹姆,2872,163646,318300,236296,2,18,1,35,7,0
身为一只可爱的小仙狐，如果到处搞恶作剧也有排名，那勒尼肯定是第一名。,|cFFFFD200任务：|r仙狐勒尼,2878,163897,318876,3072462,7,82,1,6,7,0
,,2885,169477,0,433440,8,32,3,6,7,0
,,2886,169478,0,2027877,8,32,-1,6,7,0
,,2887,169479,0,655866,8,48,-1,6,7,0
一位云游的冒险者拯救了几只失去家园的鱼人，一束希望的微光也从此诞生了。,|cFFFFD200任务：|r小小家伙的守护者|n|cFFFFD200地区：|r灰熊丘陵|n,2888,169514,329900,3492863,0,82,1,6,7,0
工程师们受到晋升堡垒的灵豹的启发，对其设计进行了修正，使其萌度提高了大约300%。,|cFFFFD200专业技能：|r工程学|n,2889,170421,330997,3061634,9,2,3,6,7,0
"狗狗都会到晋升堡垒。

猫咪都会去雷文德斯。",|cFFFFD200游戏商城|r,2890,171025,333570,3604137,7,16466,9,6,7,0
雷文德斯的地穴和坟墓是蜘蛛的绝佳繁殖场所。墓穴破坏者的族群对它们领地的保护欲也极其旺盛。,|cFFFFD200掉落：|r墓穴破坏者|n|cFFFFD200地区：|r 雷文德斯,2891,171117,333794,2027856,7,2,0,6,7,0
光耀之子总会出现在圣光接触过的战场上，无论是以什么形态出现。,|cFFFFD200掉落：|r雷文德斯,2892,171119,333796,525026,6,2,0,6,7,0
唤醒知识的力量时要当心。,|cFFFFD200掉落：|r抄写员勒努娅|n|cFFFFD200地区：|r 雷文德斯,2893,171120,333797,134544,5,2,0,6,7,0
背负着过往罪孽的灵魂。,|cFFFFD200宝藏：|r秘密财宝|n|cFFFFD200地区：|r 雷文德斯,2894,171122,333800,1357814,3,2,0,352,353,2
已经面对了过往罪孽的灵魂。因为最近暗影界的动乱而在失落中游荡。,|cFFFFD200宠物对战：|r雷文德斯|n,2895,171123,0,895888,3,26,4,352,353,0
众所周知，用来制作泥仆的烂泥喜欢聚成一团胡作非为。,|cFFFFD200掉落：|r沼泽兽|n|cFFFFD200地区：|r 雷文德斯,2896,171121,333799,1500930,5,2,0,6,7,0
从过于旺盛的骄傲和愤怒中汲取出来形成的。它们追求着更多的感情来维系自己的存在。,|cFFFFD200掉落：|r愤怒具象|n|cFFFFD200掉落：|r被吸取的灵魂|n|cFFFFD200地区：|r雷文德斯|n,2897,171118,333795,1391769,6,2,0,6,7,0
在雷文德斯的地穴和古墓中出现，因为那里会对灵魂进行恶毒的仪式。,|cFFFFD200掉落：|r大学监贝律莉娅|n|cFFFFD200地区：|r赤红深渊|n|cFFFFD200难度：|r史诗,2898,171124,333802,1357796,6,2,0,6,7,0
创造石精的目的就是充当雷文德斯这个国度的信使和间谍。而收割者之庭的石精是最擅长这些的。,|cFFFFD200商人出售：|r米哈拉女士|n|cFFFFD200地区：|r雷文德斯|n|cFFFFD200阵营：|r收割者之庭 - 崇敬|n|cFFFFD200价格：|r250|Hitem:163036|h|TInterface\ICONS\INV_Currency_PetBattle.BLP:0|t|h,2899,171127,333804,1103069,0,2,2,6,7,0
达尔是奇普的信使同事，他永远都很准时，但有一天，他再也没有从指派的任务归来。,|cFFFFD200任务：|r失窃的石精|n|cFFFFD200地区：|r 雷文德斯|n,2900,171136,333819,2103878,0,2,1,6,7,0
这只石精被困在宝箱里，被遗忘了许多年，现在它很生气，想跟人打一场。,|cFFFFD200宝藏：|r冷木宝箱|n|cFFFFD200地区：|r 雷文德斯,2901,171125,333803,132766,0,2,0,6,7,0
这种惊惧之翼是恐惧蝠里最常见的品种，整个国度里到处都是。,|cFFFFD200宠物对战：|r雷文德斯|n,2902,171149,0,3087791,2,26,4,6,7,0
野生的恐惧蝠里赤红色的幼崽很难驯服。它们神出鬼没，顽强不屈，跟其他种类的恐惧蝠差别很大。,|cFFFFD200掉落：|r雷文德斯,2903,171150,333865,3087789,2,2,0,6,7,0
这种罕见的变异恐惧蝠有紫色的肚皮，是兼收并蓄的宠物收藏家争抢的礼物。,|cFFFFD200盟约功能：|r灰烬王庭|n|cFFFFD200盟约：|r温西尔|n|n|cFFFFD200盟约功能：|r女王的温室|n|cFFFFD200盟约：|r法夜|n|n|cFFFFD200盟约功能：|r晋升之路|n|cFFFFD200盟约：|r格里恩|n|n|cFFFFD200盟约功能：|r憎恶工厂|n|cFFFFD200盟约：|r通灵领主,2904,171151,333868,3087790,2,2,2,6,7,0
阿闪和其他仙狐比起来有点小，但非常擅长捉迷藏。,|cFFFFD200掉落：|r玩闹的仙狐|n|cFFFFD200地区：|r 炽蓝仙野,2905,171247,334160,3072468,7,2,0,6,7,0
仙狐行走在鹅卵石或者岩石表面上时，可以自然地打磨它们的爪子。,|cFFFFD200掉落：|r悚亡|n|cFFFFD200地区：|r 炽蓝仙野|n,2907,171246,334159,3072466,7,2,0,6,7,0
虽然名字很萌，但它们的啾啾叫其实更接近恐怖到让人脊背发凉的尖哮。,|cFFFFD200掉落：|r老阿戴特|n|cFFFFD200地区：|r 炽蓝仙野,2908,171239,334158,657489,2,2,0,6,7,0
这些凶狠的飞行生物会用坚硬的表面来磨利自己的鸟喙，同时威慑敌人。,|cFFFFD200宝藏：|r远古云羽之卵|n|cFFFFD200地区：|r 炽蓝仙野,2909,171238,334157,657490,2,2,0,6,7,0
弗鲁法的皮毛被浸湿的时候，会散发出橘子的气味。,|cFFFFD200商人出售：|r艾丝琳|n|cFFFFD200地区：|r炽蓝仙野|n|cFFFFD200阵营：|r荒猎团 - 友善|n|cFFFFD200价格：|r250|Hitem:163036|h|TInterface\ICONS\INV_Currency_PetBattle.BLP:0|t|h,2910,171248,334156,3636841,4,2,2,6,7,0
乌贼可以在水中挤出墨汁然后逃跑，闪翼蛾也可以把翅膀上的粉尘抖落，然后用类似的方式消失掉。,|cFFFFD200宝藏：|r脱水的飞蛾|n|cFFFFD200地区：|r 炽蓝仙野|n|n,2911,171234,334155,3255391,2,2,0,6,7,0
炽蓝仙野的蛾子可以背负超过自身体重数倍的种子，帮助法夜完成他们永恒的使命。,|cFFFFD200盟约功能：|r灰烬王庭|n|cFFFFD200盟约：|r温西尔|n|n|cFFFFD200盟约功能：|r女王的温室|n|cFFFFD200盟约：|r法夜|n|n|cFFFFD200盟约功能：|r晋升之路|n|cFFFFD200盟约：|r格里恩|n|n|cFFFFD200盟约功能：|r憎恶工厂|n|cFFFFD200盟约：|r通灵领主,2912,171233,334154,3255389,2,2,2,6,7,0
烁光蛾其实不会在阳光下泛光。大家都不知道是谁起的名字，但大家对起名字的人的疑问远不止这个。,|cFFFFD200商人出售：|r柯迪纳留斯|n|cFFFFD200地区：|r炽蓝仙野|n|cFFFFD200阵营：|r玛拉斯缪斯 - 友善|n|cFFFFD200盟约：|r法夜|n|cFFFFD200价格：|r250|Hitem:163036|h|TInterface\ICONS\INV_Currency_PetBattle.BLP:0|t|h,2913,171235,334153,3255388,2,2,1,6,7,0
圆月高挂时，这种梦驹的鬃毛会开始发出一缕缕的光芒，就像流星一般。,|cFFFFD200宝藏：|r魅夜宝箱|n|cFFFFD200地区：|r炽蓝仙野,2914,171225,334151,3387068,7,2,1,6,7,0
惬意的风在炽蓝仙野的峡谷中低鸣时，你会发现这些马驹正在随风奔腾，它们的颜色令人眼花缭乱，它们的技艺让人如痴如醉。,|cFFFFD200商人出售：|r纺鼻|n|cFFFFD200地区：|r炽蓝仙野|n|cFFFFD200阵营：|r魅夜王庭 - 友善|n|cFFFFD200盟约：|r法夜|n|cFFFFD200价格：|r250|Hitem:163036|h|TInterface\ICONS\INV_Currency_PetBattle.BLP:0|t|h,2915,171224,334150,3387067,7,2,2,6,7,0
这些戈姆蛴钻洞的速度并不是顶尖的，但它们的行为十分高效，能够在地底一口气移动很远的距离。,|cFFFFD200掉落：|r荒猎团补给品|n,2916,171242,334149,3065169,4,2,0,6,7,0
即使是可怕的戈霍恩，小时候可能也这么萌。,|cFFFFD200商人出售：|r文书大师萨洛恩|n|cFFFFD200地区：|r炽蓝仙野|n|cFFFFD200价格：|r250|Hitem:163036|h|TInterface\ICONS\INV_Currency_PetBattle.BLP:0|t|h,2917,171243,334146,3065168,4,2,2,6,7,0
这些小爬虫碰到什么东西都吃。,|cFFFFD200任务：|r新时代|n|cFFFFD200盟约：|r格里恩|n|cFFFFD200地区：|r晋升堡垒,2918,171241,334145,3065165,4,2,1,6,7,0
这些戈姆的刺扎人非常疼，经常会造成短时间的瘫痪，即使是对大型的目标也是如此。,|cFFFFD200宠物对战：|r炽蓝仙野|n,2919,171229,0,3084143,2,26,4,6,7,0
戈姆这个物种身上的尖刺比部落主城里的还要多。,|cFFFFD200掉落：|r狂野的戴菲尔|n|cFFFFD200地区：|r炽蓝仙野,2920,171231,334143,3084142,2,2,0,6,7,0
如果你可以数得清它的翅膀每分钟拍打多少次，就能计算出再过多少时间这只小怪物就会叮你一下。,|cFFFFD200宝藏：|r阿尔托|n|cFFFFD200地区：|r 炽蓝仙野,2921,171230,334142,3084139,2,2,0,6,7,0
没人知道吞噬者来自何处，但有理论说它们在间域的几处失落的大陆块上繁衍壮大。,|cFFFFD200冒险：|r暗影界,2922,171240,334141,3155459,2,2,0,6,7,0
这些宠物饥饿时发出的大叫可以与你在托加斯特听到的惨叫相媲美。,|cFFFFD200盟约功能：|r灰烬王庭|n|cFFFFD200盟约：|r温西尔|n|n|cFFFFD200盟约功能：|r女王的温室|n|cFFFFD200盟约：|r法夜|n|n|cFFFFD200盟约功能：|r晋升之路|n|cFFFFD200盟约：|r格里恩|n|n|cFFFFD200盟约功能：|r憎恶工厂|n|cFFFFD200盟约：|r通灵领主,2923,171227,334139,656318,2,2,2,6,7,0
作为炽蓝仙野野生动物的一员，它们有时候会站在水中睡觉。,|cFFFFD200宠物对战：|r炽蓝仙野|n,2924,171228,0,605484,2,26,4,6,7,0
一群恐爪鸟就可以简称“群恐”。,|cFFFFD200掉落：|r云羽守护者|n|cFFFFD200地区：|r晋升堡垒,2925,171565,334789,657491,2,2,0,6,7,0
恐爪鸟年轻时就已经是非常熟练的猎手。它们甚至会尝试捕猎比它们大一倍的猎物。,|cFFFFD200宠物对战：|r晋升堡垒|n,2926,171567,0,656165,2,26,4,6,7,0
不知道为什么，这些蓝色的微光蝶一般很怕水。,|cFFFFD200宠物对战：|r晋升堡垒|n,2927,171664,0,3052545,2,26,4,6,7,0
微光蝶可以装载约等于一半体重的花粉，同时还能敏捷地飞行。,|cFFFFD200任务：|r如何捕获微光蝶|n|cFFFFD200地区：|r晋升堡垒,2928,171667,334987,3052546,2,2,1,6,7,0
微光蝶的翅膀几乎总是沾满了某种花粉，所以它们飞行时总有很稳定的一束明亮的尘埃飘落下来。,|cFFFFD200宠物对战：|r晋升堡垒|n,2929,171668,0,3052547,2,26,4,6,7,0
与通常认为的相反，水龟的饮食与其外壳颜色没有相关性。,|cFFFFD200宠物对战：|r晋升堡垒|n,2930,171670,0,656345,8,26,4,6,7,0
这种亮色的乌龟是野外最罕见的，通常认为，如果你抚摸它的壳的顶部，就能获得好运。,|cFFFFD200盟约功能：|r灰烬王庭|n|cFFFFD200盟约：|r温西尔|n|n|cFFFFD200盟约功能：|r女王的温室|n|cFFFFD200盟约：|r法夜|n|n|cFFFFD200盟约功能：|r晋升之路|n|cFFFFD200盟约：|r格里恩|n|n|cFFFFD200盟约功能：|r憎恶工厂|n|cFFFFD200盟约：|r通灵领主,2931,171569,334798,657918,8,2,2,6,7,0
水龟喜欢把莓果作为最主要的食物来源，但它们其实差不多什么都吃。,|cFFFFD200宝藏：|r斯图尔特的惊人炖煮|n|cFFFFD200地区：|r晋升堡垒,2932,171693,335050,656343,8,2,0,6,7,0
仙狐的皮的颜色其实很淡，但它们的毛厚得惊人，完全遮盖了里面的颜色。,|cFFFFD200盟约功能：|r灰烬王庭|n|cFFFFD200盟约：|r温西尔|n|n|cFFFFD200盟约功能：|r女王的温室|n|cFFFFD200盟约：|r法夜|n|n|cFFFFD200盟约功能：|r晋升之路|n|cFFFFD200盟约：|r格里恩|n|n|cFFFFD200盟约功能：|r憎恶工厂|n|cFFFFD200盟约：|r通灵领主,2933,171568,334796,3072460,7,2,2,6,7,0
大家都知道，金色仙狐很喜欢在晋升堡垒的原野上发出大声的尖叫。,|cFFFFD200商人出售：|r副官尼科斯|n|cFFFFD200地区：|r晋升堡垒|n|cFFFFD200阵营：|r晋升者 - 崇敬|n|cFFFFD200价格：|r1765|TINTERFACE\MONEYFRAME\UI-GOLDICON.BLP:0|t,2934,171694,335053,3072463,7,2,2,6,7,0
幼年仙狐的毛虽然很细，但却从来不会掉。,|cFFFFD200宝藏：|r薇茜弗涅之赐|n|cFFFFD200地区：|r晋升堡垒,2935,171697,335056,3072469,7,2,0,6,7,0
仙狐跟幼狐有什么区别？这个问题问得好。,|cFFFFD200宠物对战：|r晋升堡垒|n,2936,171702,0,3072465,7,26,4,6,7,0
在极其罕见的情况下，会诞生金毛的仙狐幼崽。一般认为这是兽群处境危险的象征。,|cFFFFD200宠物对战：|r晋升堡垒|n,2937,171703,0,3072467,7,26,4,6,7,0
这些长着金色羽毛的生物并不会下金蛋，想要金蛋的话得找只金鹅。,|cFFFFD200宝藏：|r晋升堡垒,2938,171710,335076,605484,2,2,0,6,7,0
如果你把它们的银色羽毛非常仔细地铺在一起，就能形成类似镜子的平面。,|cFFFFD200宠物对战：|r晋升堡垒|n,2939,171712,0,656318,2,26,4,6,7,0
它们刚孵化出来时，身上都是无色的纯洁羽毛，几周后才会变为各种颜色。,|cFFFFD200掉落：|r晋升堡垒,2940,171714,335083,656319,2,2,0,6,7,0
光线照射的角度恰到好处时，这匹马驹的鬃毛会反射出威严的靛青色。,|cFFFFD200盟约功能：|r晋升之路|n|cFFFFD200盟约：|r格里恩,2941,171716,335085,3387069,7,2,2,6,7,0
很少有动物能比幼年天驹更萌。,|cFFFFD200冒险：|r暗影界,2942,171719,335087,3387070,7,2,0,6,7,0
你在荒野中不会发现这些会飞的生物的羽毛。如果有一片羽毛离开了身体，它会发出一阵耀眼的光芒，然后从视线中消失。,|cFFFFD200宠物对战：|r晋升堡垒,2943,171666,0,3046536,2,26,4,6,7,0
战斗的激情和战争的紧迫感还没离开乌纳尔的骨头。,|cFFFFD200掉落：|r乌纳尔的手臂|n|cFFFFD200地区：|r玛卓克萨斯,2944,171954,335698,3386320,3,131074,0,6,7,0
新生的骨牙猪嘴里看不到牙，过了几周它们的獠牙就会长到跟身体相称的长度。,|cFFFFD200盟约功能：|r灰烬王庭|n|cFFFFD200盟约：|r温西尔|n|n|cFFFFD200盟约功能：|r女王的温室|n|cFFFFD200盟约：|r法夜|n|n|cFFFFD200盟约功能：|r晋升之路|n|cFFFFD200盟约：|r格里恩|n|n|cFFFFD200盟约功能：|r憎恶工厂|n|cFFFFD200盟约：|r通灵领主,2945,171982,335753,3456126,7,2,2,6,7,0
这些生物的獠牙与颅骨融合在了一起，所以它们冲锋或者撞击时不会感觉到痛。,|cFFFFD200冒险：|r暗影界,2946,171984,335755,3456127,7,2,0,6,7,0
闪光结网蛛的明亮色泽挑衅着它的捕食者，引诱着它们钻进蛛网。,|cFFFFD200宝藏：|r锐眼宝箱|n|cFFFFD200地区：|r玛卓克萨斯,2947,171985,335762,2027857,7,2,0,6,7,0
玛卓克萨斯充满了强大而可怕的生物，以至于大多数居民在碰到这里的巨型蜘蛛时，反而显得异常平静。,|cFFFFD200掉落：|r母蛛螫肢|n|cFFFFD200地区：|r玛卓克萨斯,2948,171986,335764,2027855,7,2,0,6,7,0
如果这种生物是朝猎物喷吐毒液，那这种情况下还能算是毒液吗，还是说只是单纯的让人觉得恶心而已？,|cFFFFD200宝藏：|r出芽增生|n|cFFFFD200地区：|r玛卓克萨斯,2949,171987,335765,2027951,7,2,0,6,7,0
你背上有处地方怎么也挠不到，怎么办？就找这个小家伙吧。问题解决了。,|cFFFFD200宠物对战：|r玛卓克萨斯,2950,172130,0,3386321,3,131098,4,6,7,0
这些软泥生物体内的泡泡最终浮上表面并爆开时，会发出让人非常舒服的声音。,|cFFFFD200宝藏：|r软泥覆盖的箱子|n|cFFFFD200地区：|r玛卓克萨斯,2952,172132,335966,3459800,5,2,0,6,7,0
魔药设计师马里莱斯最早的造物之一。害羞的梅尔文太过胆怯，没办法达成对完成凋零密院的软泥怪的要求。,|cFFFFD200掉落：|r致命悍将|n|cFFFFD200地区：|r玛卓克萨斯,2953,172134,335969,3459798,5,2,0,6,7,0
这种寄生生物会纠缠某些玛卓克萨斯的大型野兽并吸取体液，直至其完全长大为止。不知道为什么这些野兽完全没发现。,|cFFFFD200盟约功能：|r灰烬王庭|n|cFFFFD200盟约：|r温西尔|n|n|cFFFFD200盟约功能：|r女王的温室|n|cFFFFD200盟约：|r法夜|n|n|cFFFFD200盟约功能：|r晋升之路|n|cFFFFD200盟约：|r格里恩|n|n|cFFFFD200盟约功能：|r憎恶工厂|n|cFFFFD200盟约：|r通灵领主,2954,172135,335972,3860397,4,2,2,6,7,0
虽然血蚤小时候很柔软，但是它们长大后全身都会长出坚硬的甲壳。,|cFFFFD200掉落：|r飨宴者斯莫加斯|n|cFFFFD200地区：|r玛卓克萨斯,2955,172136,335974,3860399,4,2,0,6,7,0
如果辜负了玛卓克萨斯的几大密院，就会遭受痛苦的命运：被扔进全是血蚤幼崽的坑里。,|cFFFFD200掉落：|r飨宴者斯莫加斯|n|cFFFFD200地区：|r玛卓克萨斯,2956,172137,335977,3860398,4,2,0,6,7,0
在玛卓克萨斯，有些掠食者会收集脊椎作为战利品，而一些战利品并不会因此而停止移动。,|cFFFFD200掉落：|r厌恶|n|cFFFFD200地区：|r玛卓克萨斯,2957,172139,335979,3386335,3,2,0,6,7,0
它虽然没有肢体，但它用积极的态度弥补了不足。,|cFFFFD200盟约功能：|r憎恶工厂|n|cFFFFD200盟约：|r通灵领主,2958,172140,335980,3386334,3,2,2,6,7,0
在玛卓克萨斯，再小的骨头也有大用处。,|cFFFFD200掉落：|r不朽军团补给品|n,2959,172148,336020,3511185,3,2,0,6,7,0
是软泥托起了骨头呢，还是骨头把软泥聚集在了一起？,|cFFFFD200掉落：|r油腻的无脊者|n|cFFFFD200地区：|r玛卓克萨斯,2960,172149,336021,3459801,5,2,0,6,7,0
建议不要拥抱淤泥触须，它们留下的污渍永远无法洗干净。,|cFFFFD200掉落：|r斯特拉达玛侯爵|n|cFFFFD200地区：|r凋魂之殇|n|cFFFFD200难度：|r史诗,2961,172150,336022,254105,5,2,0,6,7,0
手下败将，只配被缝起来！,|cFFFFD200商人出售：|r纳尔考恩·塔尔森|n|cFFFFD200地图：|r玛卓克萨斯|n|cFFFFD200阵营：|r不朽军团 - 崇敬|n|cFFFFD200价格：|r1765|TINTERFACE\MONEYFRAME\UI-GOLDICON.BLP:0|t,2962,172151,336024,3622122,3,2,2,6,7,0
占有穆度德身体的灵魂生前是个残忍的统治者。现在，他想要统治这个最暴力的王国。,|cFFFFD200盟约功能：|r憎恶工厂|n|cFFFFD200盟约：|r通灵领主,2963,172153,336030,3622121,3,2,2,6,7,0
这种生物的倒刺颌骨可以深深地咬进任何东西，造成严重的发炎。,|cFFFFD200掉落：|r贪婪之毒|n|cFFFFD200地区：|r玛卓克萨斯,2964,172155,336031,2027900,2,2,0,6,7,0
绝大多数蜘蛛会吸干猎物的所有体液，而吮血蛛的食谱仅限于血液本身。,|cFFFFD200盟约功能：|r灰烬王庭|n|cFFFFD200盟约：|r温西尔|n|n|cFFFFD200盟约功能：|r女王的温室|n|cFFFFD200盟约：|r法夜|n|n|cFFFFD200盟约功能：|r晋升之路|n|cFFFFD200盟约：|r格里恩|n|n|cFFFFD200盟约功能：|r憎恶工厂|n|cFFFFD200盟约：|r通灵领主,2965,172284,336311,2027944,7,2,2,6,7,0
有时候，了不起的灵魂犯下的罪孽也非常强大，足以活化其所在的罪碑。,|cFFFFD200盟约：|r温西尔|n|cFFFFD200地区：|r雷文德斯,2966,172570,337031,3386971,6,16466,2,6,7,0
泥仆代表了雷文德斯的汗水（有时候甚至是泪水），但他们的帮助对这个国度的运行至关重要。,|cFFFFD200盟约功能：|r灰烬王庭|n|cFFFFD200盟约：|r温西尔,2967,172854,337694,1505934,0,16466,1,6,7,0
,,2968,173133,0,1339043,8,33826,-1,6,7,0
,,2969,173216,0,3052547,2,32802,-1,6,7,0
,,2970,173215,0,667692,2,32802,-1,6,7,0
,,2971,173214,0,3155425,7,32802,-1,6,7,0
,,2972,173213,0,133936,8,32802,-1,6,7,0
,,2973,173212,0,3387070,7,32802,-1,6,7,0
,,2974,173211,0,3046536,2,32802,-1,6,7,0
,,2975,173206,0,3610503,9,32802,-1,6,7,0
,,2976,173205,0,132935,9,32802,-1,6,7,0
,,2977,173204,0,3582261,9,32802,-1,6,7,0
,,2978,173274,0,3622122,3,33826,-1,6,7,0
,,2979,173303,0,237541,6,33826,-1,6,7,0
,,2980,173258,0,2399287,0,32802,-1,6,7,0
,,2981,173259,0,237402,7,32802,-1,6,7,0
,,2982,173260,0,462337,2,32802,-1,6,7,0
,,2983,173264,0,3386334,3,32802,-1,6,7,0
,,2984,173265,0,3386320,3,32802,-1,6,7,0
,,2985,173266,0,133884,3,32802,-1,6,7,0
,,2986,173271,0,342917,3,32802,-1,6,7,0
,,2987,173272,0,1570765,2,32802,-1,6,7,0
,,2988,173273,0,2998183,3,32802,-1,6,7,0
,,2989,173320,0,134389,6,32802,-1,6,7,0
,,2990,173321,0,132182,2,32802,-1,6,7,0
,,2991,173322,0,538518,4,32802,-1,6,7,0
,,2992,173326,0,1623379,7,32802,-1,6,7,0
,,2993,173328,0,2027855,7,32802,-1,6,7,0
,,2994,173329,0,458967,0,32802,-1,6,7,0
,,2996,173332,0,132140,7,33826,-1,6,7,0
,,2998,173376,0,1096090,7,33826,-1,6,7,0
,,2999,173381,0,797544,7,33826,-1,6,7,0
,,3000,173373,0,3065166,4,32802,-1,6,7,0
,,3001,173374,0,1394966,7,32802,-1,6,7,0
,,3002,173375,0,3255390,2,32802,-1,6,7,0
,,3003,173378,0,3255388,2,32802,-1,6,7,0
,,3004,173379,0,2027900,2,32802,-1,6,7,0
,,3005,173380,0,132851,2,32802,-1,6,7,0
这些恐惧蝠是由锻石师为收割者之庭打造，它们与自己的主人有强烈的羁绊，于是就成为了强悍的战士。,|cFFFFD200掉落：|r收割者之庭补给品|n,3006,173502,339590,3087792,2,2,0,6,7,0
这些蜘蛛的典型特征是腿部的颜色，另外它们很有名的一点是会用繁复的舞姿来威胁敌人，或者使其困惑不解。,|cFFFFD200宠物对战：|r雷文德斯|n,3007,173506,0,2027952,7,26,4,6,7,0
它已经被找到了，所以它正在考虑给自己改名。,|cFFFFD200掉落：|r失落的羽毛笔|n|cFFFFD200地区：|r 雷文德斯,3008,173508,339593,2103805,5,2,0,6,7,0
伯爵栖息在纳斯利亚堡的地面上，没想到却化为石头，陷入了永恒的休眠。,|cFFFFD200宝藏：|r伯爵|n|cFFFFD200地图：|r雷文德斯|n|cFFFFD200价格：|r99|Hcurrency:1820|h|TInterface\ICONS\INV_Jewelcrafting_LivingRuby_01.blp:0|t|h,3009,173531,339668,3860423,2,2,0,6,7,0
少数几只年幼的恐惧蝠和堕罪堡的新居民一起陪雷纳索尔的大军进入了噬渊。,|cFFFFD200掉落：|r晋升堡垒噬渊突袭|n|cFFFFD200宝藏：|r堕罪尖啸者之笼|n|cFFFFD200地区：|r噬渊,3010,173533,339670,3860424,2,2,0,6,7,0
阿蝠栖息在堕罪堡上，她被第一届灰烬王庭的音乐唤醒了。从此她没有错过任何一次灰烬王庭。,|cFFFFD200商人出售：|r泰梅尔|n|cFFFFD200地区：|r雷文德斯|n|cFFFFD200阵营：|r灰烬王庭 - 崇敬|n|cFFFFD200盟约： |r温西尔|n|cFFFFD200价格：|r250|Hitem:163036|h|TInterface\ICONS\INV_Currency_PetBattle.BLP:0|t|h,3011,173535,339671,3860422,2,2,2,6,7,0
它被主人抛弃了，困在了一个隐蔽的房间里。于是这只小蝙蝠以石头形态休眠了很多年。,|cFFFFD200宝藏：|r修复的传输之镜|n|cFFFFD200盟约：|r温西尔|n|cFFFFD200地图：|r雷文德斯,3012,173536,339674,3860425,2,2,0,6,7,0
这东西的肚子涌动着什么邪恶的东西？,|cFFFFD200宝藏：|r奇异增生|n|cFFFFD200地区：|r玛卓克萨斯|n,3013,173534,339677,3860396,4,2,0,6,7,0
幼年迷沼爬行者喜欢潜藏在淤泥之池附近的芦苇丛里，耐心地等待粗心的猎物送上门来。,|cFFFFD200宠物对战：|r雷文德斯|n,3014,173555,0,3860419,6,26,4,6,7,0
这些迷沼爬行者以末日迷沼里的废弃物残存的心能为生，它们正在慢慢枯萎，但正是这种饥饿的状态让它们变得更加危险。,|cFFFFD200宠物对战：|r雷文德斯|n,3015,173556,0,3732243,6,26,4,6,7,0
这棵特别的小树长满了奇怪的孢子，但它完全不以为意。,|cFFFFD200商人出售：|r柯迪纳留斯|n|cFFFFD200地区：|r炽蓝仙野|n|cFFFFD200阵营：|r玛拉斯缪斯 - 友善|n|cFFFFD200盟约：|r法夜|n|cFFFFD200价格：|r250|Hitem:163036|h|TInterface\ICONS\INV_Currency_PetBattle.BLP:0|t|h,3016,173585,339976,3731816,6,2,2,254,7,0
这些树苗只要获得了足够的心能，就会长得飞快，它们长成大树后，叶片会像剃刀一样锋利。,|cFFFFD200商人出售：|r文书大师萨洛恩|n|cFFFFD200地区：|r炽蓝仙野|n|cFFFFD200盟约：|r法夜|n|cFFFFD200价格：|r250|Hitem:163036|h|TInterface\ICONS\INV_Currency_PetBattle.BLP:0|t|h,3017,173586,339981,3747335,6,2,2,254,7,0
只要可以找到这种生物的碎片并种到土里，它就会重新长成之前的宏伟模样。,|cFFFFD200盟约：|r法夜|n|cFFFFD200地区：|r炽蓝仙野,3018,173587,339982,3747336,6,16466,2,254,7,0
不管怎么样，绝对不要叫它拿水桶。我们绝对不会谈论暗影界的那块地方发生的事情。,|cFFFFD200商人出售：|r纺鼻|n|cFFFFD200地区：|r炽蓝仙野|n|cFFFFD200阵营：|r魅夜王庭 - 友善|n|cFFFFD200盟约：|r法夜|n|cFFFFD200价格：|r250|Hitem:163036|h|TInterface\ICONS\INV_Currency_PetBattle.BLP:0|t|h,3019,173588,339983,3747337,6,2,2,254,7,0
这只宠物具有超强的空中灵敏性，总是能安然无恙地四脚着地，就算是从一个自制的拧紧弹簧的松鼠投掷器里扔出来也一样。,|cFFFFD200冒险：|r暗影界,3020,173589,339997,3749003,4,2,0,6,7,0
从炽蓝仙野的种子里可以找到潜伏的能量，有时候这些能量会强化一些小动物，让它们拥有不自然的能力。,|cFFFFD200宠物对战：|r炽蓝仙野|n,3021,173590,0,3749004,4,26,4,6,7,0
这些小动物可以将大量的食物放进它们的脸颊里，从而可以方便地在自己的藏身处之间相互转移。,|cFFFFD200宝藏：|r妖精宝藏|n|cFFFFD200地区：|r炽蓝仙野,3022,173591,339999,3749005,4,2,0,6,7,0
谁也不清楚雷金纳德的名字是怎么来的，我们知道的是只有叫这个名字它才会答应。,|cFFFFD200商人出售：|r柯迪纳留斯|n|cFFFFD200地区：|r炽蓝仙野|n|cFFFFD200阵营：|r玛拉斯缪斯 - 友善|n|cFFFFD200盟约：|r法夜|n|cFFFFD200价格：|r250|Hitem:163036|h|TInterface\ICONS\INV_Currency_PetBattle.BLP:0|t|h,3023,173593,340002,3749006,4,2,2,6,7,0
天空虽然把雷文德斯的一部分烧焦了，但顽强的生物依然能够在这种严酷的环境中生存。,|cFFFFD200掉落：|r灰烬融合体|n|cFFFFD200盟约功能：|r灰烬王庭|n|cFFFFD200盟约：|r 温西尔|n|cFFFFD200地区：|r雷文德斯,3024,173842,340710,134389,6,2,0,6,7,0
谁都不知道为什么所有的骷髅手都是左手。右手去哪儿了？,|cFFFFD200宝藏：|r骸骨手碎片|n|cFFFFD200地区：|r玛卓克萨斯,3025,173847,340717,3386322,3,131074,0,6,7,0
托加斯特这座塔里充满了永恒的痛苦，所以是最适合这些生物的地方。,|cFFFFD200掉落：|r托加斯特|n,3026,173849,340721,3579945,4,2,0,6,7,0
很多人都在问，这些生物是从哪里来的，又是怎么进入噬渊的，但想弄明白的人都失去了踪影。,|cFFFFD200掉落：|r托加斯特|n|n,3027,173850,340722,3579948,4,2,0,6,7,0
如果托加斯特的一只断手自己给自己鼓掌，典狱长能听得见吗？,|cFFFFD200掉落：|r托加斯特|n|n,3028,173851,340723,3862168,3,131074,0,6,7,0
活化了这只会动的手的神秘的力量看起来暂时还没有那么邪恶。,|cFFFFD200掉落：|r托加斯特|n,3029,173988,341289,3862169,3,131074,0,6,7,0
有时候，当你在托加斯特深处神秘的罐子里发现了奇怪的生物时，最好还是别去管它。,|cFFFFD200掉落：|r托加斯特|n,3030,173989,341292,3453807,4,2,0,6,7,0
它的牙齿像剃刀般锋利，什么都能咬穿。,|cFFFFD200掉落：|r托加斯特|n,3032,173990,341293,3860392,4,2,0,6,7,0
这些托加斯特的守护者永远都在警惕着异常情况。,|cFFFFD200掉落：|r托加斯特|n|n,3033,173991,341295,3729719,5,2,0,6,7,0
你感觉暗影在游移，在跟踪你时，你的感觉可能是真的。通常来说，你感觉到的就是这种东西。,|cFFFFD200掉落：|r托加斯特|n,3034,173992,341298,237569,3,2,0,6,7,0
找个小小的戈姆蛴，然后戳它身体一侧的肉的话，会发出让人非常舒适的嘎吱声。一般并不建议在同一只戈姆蛴上戳太多次。,|cFFFFD200掉落：|r戈姆钻地虫|n|cFFFFD200地区：|r炽蓝仙野,3035,173993,341301,3065167,4,2,0,6,7,0
蕾茉妮雅接触过无法计量的邪恶和罪孽，她会从任何可用的来源处吸取能量来满足其欲望。,|cFFFFD200掉落：|r德纳修斯大帝|n|cFFFFD200地区：|r 雷文德斯,3036,173994,341302,3610989,5,131154,0,363,364,0
盯着这种生物会令你从自己的内心深处产生深深的空虚感，然后这种感觉会被恐惧感所替代。,|cFFFFD200掉落：|r拷问者伊特纳斯|n|cFFFFD200地区：|r噬渊,3037,174081,341492,651083,6,2,0,6,7,0
这种生物的背上有非常独特的标记，所以很容易从噬渊无穷无尽的恐魔中分辨出来。,|cFFFFD200掉落：|r噬渊|n,3038,174082,341493,3579949,4,2,0,6,7,0
这种可怕的生物似乎总是一直不断地掉皮屑。它的身后会留下一道痕迹，以及独特的恶臭。,|cFFFFD200掉落：|r噬渊|n,3039,174083,341494,3860390,4,2,0,6,7,0
锋利的爪子可以轻松切开任何东西，紧急情况下可以充当不错的开罐器。,|cFFFFD200掉落：|r折磨者杉格罗尔|n|cFFFFD200地区：|r噬渊,3040,174084,341495,3862170,3,131074,0,6,7,0
这些眼睛永不休眠，连眨都不会眨，它们在托加斯特这座高塔里见证过多少可怕的事？,|cFFFFD200成就：|r扭曲回廊：难度2|n|cFFFFD200分类：|r托加斯特,3041,174085,341497,3729814,5,82,5,6,7,0
从执事者身上拔下一根羽毛是足以被打入雷文德斯的重罪。,|cFFFFD200盟约：|r格里恩|n|cFFFFD200地区：|r晋升堡垒,3042,174087,341515,3731724,0,16466,2,6,7,0
这只软泥猫虽然没多少毛，但依然是你见过的最萌的东西之一。,|cFFFFD200盟约：|r通灵领主|n|cFFFFD200地区：|r玛卓克萨斯|n,3043,174088,341516,3732497,5,16466,2,6,7,0
小时候脸很可爱，还有萌萌的小触角。长大后会长成锋利的钳子，变成不可阻止的吞食机器。生活总是充满了妥协。,|cFFFFD200掉落：|r特雷德奥瓦|n|cFFFFD200地区：|r塞兹仙林的迷雾|n|cFFFFD200难度：|r史诗,3044,174089,341519,3065164,4,2,0,6,7,0
你越盯着这只软泥怪看，它似乎就越想变色，然后突然间，它好像还在回瞪着你。也许你真的该休息一下了。,|cFFFFD200宝藏：|r凋殇者宝箱|n|cFFFFD200地区：|r玛卓克萨斯,3045,174125,341635,1500910,5,2050,0,6,7,0
恶鬼虽然是衰弱的亡灵，但却有惊人的速度，身手也很敏捷。,|cFFFFD200世界事件：|r“暗影国度”天灾入侵|n|cFFFFD200价格：|r20|Hcurrency:1754|h|TInterface\ICONS\Achievement_Reputation_ArgentCrusader.blp:0|t|h,3046,174181,341825,336781,3,2,2,6,7,0
你背脊上有脊虫！,|cFFFFD200宝藏：|r脊虫|n|cFFFFD200地区：|r玛卓克萨斯,3047,174677,343161,3386337,3,2,0,6,7,0
它们一般只是纯白色，皮肤会对吃下去的东西做出反应，根据消化掉的器官的不同而长出不同颜色的美妙斑点。,|cFFFFD200宠物对战：|r玛卓克萨斯,3049,175021,0,2141734,4,26,4,6,7,0
据说，如果你梦见了黯淡掠行者，你就注定会和它一直战斗，至死方休。,|cFFFFD200宠物对战：|r玛卓克萨斯,3050,175022,0,2027947,7,26,4,6,7,0
这些粘乎乎的生物爬墙时会发出非常奇怪的吮吸声。这一点在玛卓克萨斯人尽皆知，原因也很显然。,|cFFFFD200宠物对战：|r玛卓克萨斯,3051,175023,0,3459799,5,26,4,6,7,0
这些生物飞过的地方，有毒的孢子会像雨一样落下，把许多无知的小动物变成通灵鳐的可怕美餐。,|cFFFFD200宠物对战：|r玛卓克萨斯,3052,175024,0,1570759,2,26,4,6,7,0
在灵翼浮岛孵化出的一只奇怪的雏龙，人们认为它受到了影月谷消逝的月光能量的祝福。,|cFFFFD200暴雪三十周年|r,3053,175203,344755,3846213,1,82,7,6,7,0
从档案员费安刚开始这份工作到现在，这只羽毛笔都一直是他的好朋友。但佳妮拉已经准备安排他和这只羽毛笔分道扬镳，因为她觉得费安跟这只羽毛笔的关系太过密切。,|cFFFFD200商人出售：|r档案员佳妮拉|n|cFFFFD200地区：|r雷文德斯|n|cFFFFD200阵营：|r宣罪者 - 崇拜|n|cFFFFD200价格：|r1000|Hcurrency:1816|h|TInterface\ICONS\6BF_Blackrock_Nova.BLP:0|t|h,3054,175220,344792,2103808,5,2,2,6,7,0
执事者如果想在执事者社会里往上爬，就得把他们的羽毛弄得毛茸茸的，分发海量的果汁，而且要不断地咕咕叫。,|cFFFFD200商人出售：|r泽里斯科斯|n|cFFFFD200盟约：|r格里恩|n|cFFFFD200地区：|r晋升堡垒,3061,175561,345740,3731728,0,2,2,6,7,0
据说执事者被创造出来是为了协助晋升堡垒的居民执行他们永恒的使命，所以他们似乎不会介意。,|cFFFFD200掉落：|r晋升堡垒|n|cFFFFD200盟约：|r格里恩,3062,175560,345741,3731723,0,2,0,6,7,0
翼狮是骄傲的野兽，会把任何进入其领地的人看成是对它的挑战。,|cFFFFD200掉落：|r翼狮骑手奥尔斯图斯|n|cFFFFD200地区：|r晋升堡垒,3063,175562,345742,3860694,2,2,0,6,7,0
翼狮在一名候选者身边完全长大后，就永远不会离开其主人的身边。,|cFFFFD200掉落：|r晋升者的补给品|n,3064,175564,345744,3860696,2,2,0,6,7,0
候选者经常会获得年幼的翼狮作为礼物，以此作为对其同情心和领导能力的早期测试。,|cFFFFD200掉落：|r勇气|n|cFFFFD200地区：|r晋升堡垒|n,3065,175563,345743,3860695,2,2,0,6,7,0
露西被送到了雷文德斯，就跟其他所有的猫咪一样。但她不知怎么的，从那里逃走了。面对质问时，当地的泥仆说，因为她就是只猫嘛。,|cFFFFD200掉落：|r脏兮兮的闪光物|n,3066,175715,346192,611425,3,2,0,41,7,0
林鬼是很棘手的敌人，他们生活在炽蓝仙野，一直都是法夜的心头大患。而这只林鬼想玩最终极的恶作剧——加入你。,|cFFFFD200成就：|r全谱系驱魔师|n|cFFFFD200类型：|r对战,3067,175756,346236,3536179,0,82,5,6,7,0
,,3068,175777,0,657918,8,1072,-1,6,7,0
,,3070,175778,0,3072466,7,1072,-1,6,7,0
,,3071,175779,0,3084143,4,1072,-1,6,7,0
,,3072,175780,0,2103813,1,1072,-1,6,7,0
,,3073,175781,0,3732243,6,1072,-1,6,7,0
,,3074,175782,0,3860424,2,1072,-1,6,7,0
,,3075,175783,0,3731723,0,1072,-1,6,7,0
,,3076,175784,0,3601538,5,1072,-1,6,7,0
,,3077,175785,0,3070805,9,1072,-1,6,7,0
,,3078,175786,0,3622122,3,1072,-1,6,7,0
林鬼的忠诚就像季节一样容易改变。,|cFFFFD200成就：|r冥世的可憎仇敌|n|cFFFFD200类型：|r对战,3079,175787,346260,3536177,0,82,5,6,7,0
这些幼狐在炽蓝仙野的青翠林地里成长，灌注了重生的精华。,|cFFFFD200宠物对战：|r炽蓝仙野|n,3080,176019,0,3072464,7,26,4,6,7,0
这些幼虫会吞噬任何种类的失去心能的材料。它们毫不挑食。,|cFFFFD200宠物对战：|r炽蓝仙野,3081,176020,0,3065166,4,26,4,6,7,0
这种蛾子的翅膀发出的光芒好像炽蓝仙野的星夜。,|cFFFFD200宠物对战：|r炽蓝仙野,3082,176021,0,3255390,2,26,4,6,7,0
这种宠物就是个大嘴，那它吃下去的东西去哪儿了？玛卓克萨斯的通灵师解剖了许多这种宠物，但完全没有得到答案。,|cFFFFD200宠物对战：|r玛卓克萨斯,3083,176024,0,3731581,2,26,4,6,7,0
,,3089,176657,0,132263,9,48,-1,6,7,0
,,3090,176659,0,2490921,2,48,-1,6,7,0
,,3091,176658,0,1600298,7,48,-1,6,7,0
史奎波的程序设定就是：它绝不会离开你。,|cFFFFD200掉落：|r土地精口袋|n,3092,176662,348561,2490921,9,2,0,6,7,0
珠蜒在帷纱集市非常宝贵，如果能抓到那种身上的宝石没有瑕疵的个体，就更是能卖出高价。,|cFFFFD200商人出售：|r饲养者塔·希尔特|n|cFFFFD200地区：|r奥利波斯|n|cFFFFD200价格：|r10000|Hitem:163036|h|TInterface\ICONS\INV_Currency_PetBattle.BLP:0|t|h,3097,178216,351636,3856132,7,2,2,6,7,0
战场上到处都是憎憎的部件，全都可以完美替换，很容易重新组装在一起。,|cFFFFD200掉落：|r玛卓克萨斯噬渊突袭|n,3098,179008,353206,3622121,3,2,0,6,7,0
注能的以太浮蛇可以用作便携式心能电池，但必须对它们进行训练，以免其在碰到战斗时立刻逃走。,|cFFFFD200掉落：|r炽蓝仙野噬渊突袭|n|cFFFFD200宝藏：|r以太浮蛇囚笼|n|cFFFFD200地区：|r噬渊|n,3099,179025,353230,3046536,2,2,0,6,7,0
各种时空分类的龙都是存在的——越时龙、迷时龙，甚至还有永恒龙。,|cFFFFD200商人出售：|r历史学家玛蒂|n|cFFFFD200地区：|r塔纳利斯|n|cFFFFD200价格：|r200|Hcurrency:1166|h|TInterface\ICONS\PVECurrency-Justice.blp:0|t|h,3100,179125,353442,2892271,9,2,2,6,7,0
阿猾偷偷加入了前往噬渊的冒险。它并不害怕，只是特别想在你的背包里呆一小会儿。,|cFFFFD200成就：|r狡狐冒险记|n|cFFFFD200分类：|r收藏,3101,179083,353450,3072461,7,2,5,6,7,0
幼小的心蛛如果获得了过量的食物，就会迅速成长。想要让它保持温顺的话，建议每年不要让它吞噬超过一个普通灵魂的量的心能。,|cFFFFD200宠物对战：|r刻希亚,3102,179131,0,3155460,2,26,4,6,7,0
以太浮蛇耀眼的鳞片可以反射晋升堡垒明亮的天空的光芒。,|cFFFFD200掉落：|r晋升者战争宝箱|n|cFFFFD200地区：|r噬渊,3103,179132,353451,3046536,2,2,0,6,7,0
珠蜒如果死去，身上的宝石就会迅速衰竭。健康驯养的珠蜒是有钱的掮灵所追求的宠物。,|cFFFFD200商人出售：|r饲养者塔·希尔特|n|cFFFFD200地区：|r奥利波斯|n|cFFFFD200价格：|r1|Hitem:36812|h|TInterface\ICONS\INV_Misc_Gear_01.blp:0|t|h 1|Hitem:62072|h|TInterface\ICONS\INV_Staff_11.blp:0|t|h 1|Hitem:67410|h|TInterface\ICONS\INV_Stone_13.blp:0|t|h,3104,179137,353456,3856131,7,2,2,6,7,0
珠蜒是掮灵们在一个未知的世界发现的，它们身上的宝石无比华美，探险队的成员们很快就一个个反目成仇了。,|cFFFFD200商人出售：|r饲养者塔·希尔特|n|cFFFFD200地区：|r奥利波斯|n|cFFFFD200价格：|r1|Hitem:3300|h|TInterface\ICONS\INV_Gauntlets_02.blp:0|t|h 1|Hitem:3670|h|TInterface\ICONS\INV_Misc_Bone_01.blp:0|t|h 1|Hitem:6150|h|TInterface\ICONS\INV_Misc_Bandage_06.blp:0|t|h,3105,179138,353457,3856130,7,2,2,6,7,0
珠蜒没有天敌，通过让身上的宝石变大来求偶。,|cFFFFD200商人出售：|r饲养者塔·希尔特|n|cFFFFD200地区：|r奥利波斯|n|cFFFFD200价格：|r1|Hitem:11406|h|TInterface\ICONS\INV_Misc_Pelt_Bear_Ruin_02.blp:0|t|h 1|Hitem:11944|h|TInterface\ICONS\INV_Boots_06.blp:0|t|h 1|Hitem:25402|h|TInterface\ICONS\INV_Hammer_16.blp:0|t|h,3106,179139,353458,3856129,7,2,2,6,7,0
艾泽拉斯各地不断有新种类的鱼人被发现，这是因为鱼人的入侵天性和多样化的食物种类。,|cFFFFD200任务：|r古尔戈尔和盗匪|n|cFFFFD200地区：|r艾萨拉之眼,3107,179140,353460,3987165,0,82,1,6,7,0
呼噜猫会猎食入侵帷纱集市的囤鼠，但会让囤鼠的数量保持在可见的程度，以确保集市的掮灵一直需要呼噜猫的帮助。,|cFFFFD200宠物对战：|r塔扎维什，帷纱集市,3108,179164,0,3742945,7,26,4,6,7,0
呼噜猫是掮灵的传统宠物，二者有双赢的关系，这在掮灵文化里是必不可少的。,|cFFFFD200宠物对战：|r塔扎维什，帷纱集市,3109,179165,0,3742948,7,26,4,6,7,0
吉兹莫是只完美的呼噜猫，甚至是有史以来最完美的。它同时也是无情的小动物杀手。,|cFFFFD200掉落：|rP.O.S.T.总管|n|cFFFFD200地区：|r塔扎维什，帷纱集市,3110,179166,353525,3742944,7,2,0,6,7,0
囤鼠充满了剧毒，而且很潮湿，这些特性让它们成了宠物里的极品。,|cFFFFD200宠物对战：|r塔扎维什，帷纱集市,3111,179167,0,3856133,4,26,4,6,7,0
囤鼠是强力的入侵物种，就算只有一只也能繁殖，而且差不多什么都吃。,|cFFFFD200宠物对战：|r塔扎维什，帷纱集市,3112,179168,0,3856135,4,26,4,6,7,0
有个掮灵很喜欢囤鼠这个物种，就把这个罕见的样本当做了宠物，同时也获得了它的气味作为纪念。,|cFFFFD200地区：|r塔扎维什，帷纱集市|n,3113,179169,353528,3856134,4,2,0,6,7,0
如果你是个玛卓克萨斯的缝合工匠，而且要给一大群憎恶起名字的话，有时候就会难免太随意了。,|cFFFFD200掉落：|r不朽军团的战争宝箱|n|cFFFFD200地区：|r噬渊|n,3114,179171,353529,3622122,3,2,0,6,7,0
不算活着，但也没死，只是一根手臂，头也没有。,|cFFFFD200宠物对战：|r噬渊,3115,179179,0,3386323,3,131098,4,6,7,0
戈姆能想办法入侵任何地方，噬渊也不例外。,|cFFFFD200掉落：|r荒猎团的战争宝箱|n|cFFFFD200地区：|r噬渊,3116,179180,353569,3084138,2,2,0,6,7,0
虽然戈姆女王的子嗣迷失在了噬渊中，但似乎还没被典狱长的邪恶魔法所污染。,"|cFFFFD200掉落：|r格拉勒波
|cFFFFD200地区：|r噬渊",3117,179181,353570,3084141,2,2,0,6,7,0
噬渊鼠的指甲可以让你得一种死后才得的病。,|cFFFFD200宠物对战：|r噬渊,3118,179182,0,3860391,4,26,4,6,7,0
噬渊里充斥着灵魂碎片，他们寻找着意义，或者终结痛苦的办法。但有些则只是想给你伸出一只手。,|cFFFFD200宠物对战：|r噬渊,3119,179183,0,3862167,3,131098,4,6,7,0
渊誓者使用这些魔法护手来逮住逃跑的囚犯。,|cFFFFD200宠物对战：|r噬渊,3120,179219,0,3861531,3,131098,4,6,7,0
你越挣扎，它就抓得越紧。,|cFFFFD200掉落：|r噬渊|n,3121,179220,353638,3861530,3,131074,0,6,7,0
有个渊誓者因为过于可恨，所以被他自己的爪牙消灭了。但他的恶意过于强大，所以有一部分碎片在这只手套里活了下来。,|cFFFFD200掉落：|r裂魂者多尔玛赞|n|cFFFFD200地区：|r统御圣所,3122,179222,353639,3861529,3,131074,0,6,7,0
一种野生的虫子，生存在噬渊里。没人知道它们吃什么，或者它们存在的原因，但不管怎样，就是没办法把它们消灭光。,|cFFFFD200宠物对战：|r噬渊,3123,179226,0,3579946,4,26,4,6,7,0
每只死亡蟑螂其实都很恶心，但这种则是恶心中的恶心。,|cFFFFD200宠物对战：|r噬渊,3124,179227,0,3579947,4,26,4,6,7,0
看到水面上的倒影了吗？深渊中不只有黑暗。,|cFFFFD200掉落：|r冥誓寻魂者|n|cFFFFD200地区：|r噬渊,3125,179228,353644,3729672,5,2,0,6,7,0
这些眼睛受命让噬渊里不听话的灵魂放慢速度，变得衰弱，好让它们更容易被抓到。,|cFFFFD200宠物对战：|r刻希亚、噬渊,3126,179229,0,3729823,5,26,4,6,7,0
好几只宠物的名字都叫阿吞，实在分辨不出来呢。,|cFFFFD200访客日常任务：|r泥出风采|n|cFFFFD200地区：|r刻希亚|n|n|cFFFFD200访客日常任务：|r本地材料|n|cFFFFD200地区：|r刻希亚,3127,179230,353645,3860692,2,2,0,6,7,0
典狱长的眼睛在失去力量后就只是一颗能看到一切事物的魔法宝珠。,|cFFFFD200掉落：|r典狱长之眼|n|cFFFFD200地区：|r统御圣所,3128,179232,353648,4062740,5,2,0,6,7,0
透过眼睛也能感受到佐瓦尔因受罚而怀有的怒意。,|cFFFFD200掉落：|r典狱长之眼|n|cFFFFD200地区：|r统御圣所|n|cFFFFD200难度：|r史诗,3129,179233,353649,4069937,5,2,0,6,7,0
这些渊誓者身上的金色铠甲非常脆弱，很容易弯折，鎏金护甲其实是一种惩罚。,|cFFFFD200掉落：|r坚钢宝库|n|cFFFFD200地区：|r托加斯特，罪魂之塔|n,3130,179239,353656,3731619,0,2,0,6,7,0
不管渊誓者是什么形状，什么大小，有没有实体，统御圣所都对他们敞开了大门。,|cFFFFD200掉落：|r克尔苏加德|n|cFFFFD200地区：|r统御圣所,3131,179240,353658,3731616,0,2,0,6,7,0
无情的折磨者，热衷于折磨细小的灵魂。有人说他生前名叫“瑟玛普拉格”。,|cFFFFD200成就：|r亿物其中|n|cFFFFD200分类：|r托加斯特,3132,179241,353659,3731620,0,82,5,6,7,0
城堡从不说话，人们对其知之甚少。,|cFFFFD200掉落：|r威·娜莉的神秘礼物|n|cFFFFD200地区：|r噬渊,3133,179242,353661,3731621,0,2,0,6,7,0
你从没见过这么喜欢咀嚼东西的宠物。,|cFFFFD200宠物对战：|r刻希亚,3134,179248,0,3931156,4,26,4,6,7,0
榴石咽兽喜欢在亮红色的花丛中滚来滚去，让自己的颜色变得更鲜艳，这样可以吸引同类，也可以警告敌人。,|cFFFFD200宠物对战：|r刻希亚,3135,179250,0,3931158,4,26,4,6,7,0
刻希亚被典狱长撕碎后，必须把幸存的物种计入档案。,|cFFFFD200掉落：|r泽尔尼索普|n|cFFFFD200地区：|r刻希亚,3136,179251,353663,3931157,4,2,0,6,7,0
这种生物的皮毛颜色在刻希亚很稀有，可以帮助它躲避捕食者，现在还可以躲避渊誓者。,|cFFFFD200掉落：|r死亡先锋军补给品|n|cFFFFD200地区：|r 刻希亚,3137,179252,353664,3931155,4,2,0,6,7,0
驯养的品种，性情温和，而且看起来有点饿。,|cFFFFD200商人出售：|r女公爵麦恩克丝|n|cFFFFD200地区：|r刻希亚|n|cFFFFD200阵营：|r死亡先锋军 - 尊敬|n|cFFFFD200价格：|r50|Hitem:163036|h|TInterface\ICONS\INV_Currency_PetBattle.BLP:0|t|h 1500|Hcurrency:1767|h|TInterface\ICONS\INV_Stygia.BLP:0|t|h,3138,179253,353665,3931159,4,2,2,6,7,0
间域遍布着各种各样的吞噬者，它们的实力差异也很巨大，但有一点是一样的：它们都在寻找着心能。,|cFFFFD200宠物对战：|r刻希亚,3139,179256,0,3924117,7,26,4,6,7,0
它虽然只有两颗牙，但两颗牙都不是吃素的。,|cFFFFD200掉落：|r档案员卷宗补给品|n|cFFFFD200地区：|r刻希亚,3140,179255,353666,3924116,7,2,0,6,7,0
冥蝇的卵在玛卓克萨斯到处都是，很容易在不经意间就被送到了新地方。,|cFFFFD200宠物对战：|r刻希亚|n,3141,179329,0,3896756,2,26,4,6,7,0
闪闪才刚刚从壳里出来，就已经等不及要去冒险了，但它在冒险的途中可能会打几个盹。,|cFFFFD200游戏商城|r|n,3153,179589,354743,4080512,1,82,9,6,7,0
,,3155,179966,0,3987165,0,48,-1,6,7,0
,,3156,179809,0,1716280,2,32,-1,6,7,0
,,3158,179967,0,3069889,5,32,3,6,7,0
有一份材料是聚焦，一份材料是核心。没有任何材料是连贯或者稳定的形态。,|cFFFFD200专业技能：|r原生体合成|n,3169,181308,359559,3851039,5,2,3,402,403,0
一首歌的核心，很久以前曾经差一点就消逝了。,|cFFFFD200专业技能：|r原生体合成|n,3170,181335,359604,4219625,5,2,3,402,403,0
它本可以成为任何东西，可以成为*一切*，但在达成这个目标前，它就只是……这个。,|cFFFFD200专业技能：|r原生体合成,3171,181336,359605,4219626,5,2,3,402,403,0
它没长脸所以无法确定，但它好像很喜欢你。,|cFFFFD200宝藏：|r幻磷宝珠|n|cFFFFD200地区：|r扎雷殁提斯,3172,181337,359606,4219627,5,82,0,402,403,0
元蟾奏鸣者的经典曲目可以从很远的地方听到。,|cFFFFD200宠物对战：|r扎雷殁提斯|n,3173,181362,0,3778581,8,26,4,6,7,0
有一份材料是球形的脸，一份材料是方块制作机，还有一份材料是成功诱发的好奇心。,|cFFFFD200专业技能：|r原生体合成|n,3174,181488,359760,3747898,7,2,3,6,7,0
身为鱼人宝宝们的巢穴女王，奔波儿丝塔萨多年来一直在对抗她的死敌，死亡之鳍。,|cFFFFD200特殊：|r“巨龙时代”英雄版|n,3175,181535,359805,4050685,1,82,7,435,436,0
大家只看到过新合成的掘洞元袋熊，而其他的大概都在地下快乐地打洞，所以大家再也见不到了。,|cFFFFD200专业技能：|r原生体合成|n,3176,181547,359813,3747899,7,2,3,6,7,0
龙人宝宝并不常见，但这个时代的确充满了奇景。,|cFFFFD200特殊：“巨龙时代”基础版|r,3177,181575,359855,4186101,1,82,7,6,7,0
有一份材料是嘴喙，两份材料是翅膀，还有一份材料是无法停止，以及不愿意停止。,|cFFFFD200专业技能：|r原生体合成|n,3178,181578,359863,3672192,2,2,3,6,7,0
有一份材料是岩石，两份材料是较大的岩石，还有三份材料是较小的岩石，以及一份材料是在任何情况下都能移动的能力。,|cFFFFD200专业技能：|r原生体合成|n,3179,181615,359898,4227081,6,2,3,6,7,0
扎雷殁提斯有些居民乐于冒险，他们觉得剧毒的元蟾是一种美味。,|cFFFFD200宠物对战：|r扎雷殁提斯|n,3180,182019,0,3778583,8,26,4,6,278,0
有一份材料是黏滑的外皮，一份材料是强有力的双腿，一份材料是声囊，还有一份是彻底的自我接纳。,|cFFFFD200专业技能：|r原生体合成|n,3181,182081,360389,3778580,8,2,3,6,7,0
,,3188,182140,360567,134176,7,16466,-1,6,7,0
有一份材料是复制，还有两份材料是复制，还有四份材料也是复制……糟了。,|cFFFFD200专业技能：|r原生体合成,3189,182183,360691,3922912,4,2,3,254,7,0
有些元兔温顺而可爱，其他的……至少还算可爱。,|cFFFFD200宠物对战：|r扎雷殁提斯,3190,182216,0,3922917,4,26,4,6,7,0
有些胆小的元兔生活在地下深处，它们只在觅食时才来到地表，然后就会回到地下的巢穴里。,|cFFFFD200宠物对战：|r扎雷殁提斯,3191,182234,0,3922913,4,26,4,6,7,0
大型的元鸟会以小型动物为食，而幼雏则主要以昆虫和蠕虫为食。,|cFFFFD200宠物对战：|r扎雷殁提斯,3196,182260,0,4227077,2,26,4,6,7,0
有一份材料是鳃，一份材料是急速，还有一份材料是随便加点东西。,|cFFFFD200专业技能：|r原生体合成|n,3197,182264,360800,3934485,8,2,3,6,7,0
猩红元鸟独特的红色使其很难躲避掠食者的目光，所以，讽刺的是，这种元鸟很难找到。,|cFFFFD200宠物对战：|r扎雷殁提斯,3200,182294,0,4227079,2,26,4,6,7,0
有八份材料是腿，八份材料是眼睛，一份材料是绳子，一份材料是无法满足的饥渴。,|cFFFFD200专业技能：|r原生体合成|n,3201,182393,360986,3684808,7,2,3,6,7,0
一些元蛛喜欢静待猎物上门。而这些更喜欢追逐猎物，使其失去行动能力，然后将其生吞活剥。,|cFFFFD200宠物对战：|r扎雷殁提斯,3202,182437,0,3684809,7,26,4,6,7,0
猎物不慎进入这生物的攻击范围后，就很难再逃出去。,|cFFFFD200宠物对战：|r扎雷殁提斯,3203,182473,0,3684810,7,26,4,6,7,0
有一份材料是外壳，一份材料是尖爪，剩下的材料是尽可能多的韧性。,|cFFFFD200专业技能：|r原生体合成,3204,182504,361157,3922918,4,2,3,6,7,0
扎雷殁提斯有些小型元甲虫具有金属的外壳，它们借此自保。同时这样的外壳也使它们显得光彩夺目。,|cFFFFD200宠物对战：|r扎雷殁提斯,3205,182568,0,3922919,4,26,4,6,7,0
这种元甲虫的外壳具有明亮的色泽，可以吸引潜在的配偶，但不幸的是同时也会引来潜在的掠食者。,|cFFFFD200宠物对战：|r扎雷殁提斯,3206,182691,0,3922921,4,26,4,6,7,0
有三份材料是谋划，一份材料是危险，还有一份材料是面条。,|cFFFFD200专业技能：|r原生体合成|n,3207,182735,361400,4095284,7,2,3,6,7,0
这些元蛇醒目的红色可以警告掠食者：‘吃我的话，后果自负！’,|cFFFFD200宠物对战：|r扎雷殁提斯,3208,182758,0,4095288,7,26,4,6,7,0
350磅的元蛇一般喜欢呆在哪里？它想呆在哪里就呆在哪里。,|cFFFFD200宠物对战：|r扎雷殁提斯,3209,182760,0,4095284,7,26,4,6,7,0
元蛇可以一动不动地待上好几个小时，安静地等待猎物上门。,|cFFFFD200宠物对战：|r扎雷殁提斯,3210,182768,0,4095286,7,26,4,6,7,0
有两份材料是翅膀，一份材料是匕首，还有五份材料是施虐欲。,|cFFFFD200专业技能：|r原生体合成|n,3211,182840,361572,3741937,2,2,3,6,7,0
无论是生前还是死后，有些东西是永远都会存在的，可恶的吸血飞虫就是其中的一种。,|cFFFFD200宠物对战：|r扎雷殁提斯,3212,182876,0,3741939,2,26,4,6,7,0
虽然元袋熊幼崽的外形很柔弱，但掠食者一般不会主动攻击它们，虽然具体的原因并不清楚，但很多人觉得是因为元袋熊可爱的小鼻子。,|cFFFFD200宠物对战：|r扎雷殁提斯,3213,183142,0,3747900,7,26,4,6,7,0
扎雷殁提斯有许多可怕的东西，但没有什么东西的可怕程度（或者可爱程度）能比得上保护幼崽的元袋熊。,|cFFFFD200宠物对战：|r扎雷殁提斯,3214,183158,0,3747901,7,26,4,6,7,0
没有任何脑筋正常的人看到过渊触地质元素，即便如此，看到过渊触地质元素的人依然有很多很多。,|cFFFFD200宠物对战：|r扎雷殁提斯,3215,183230,0,4227080,6,26,4,6,7,0
元螈撕咬者是你在扎雷殁提斯遇到的最和善的生物之一……但这一点并不能持续多久。,|cFFFFD200宠物对战：|r扎雷殁提斯,3216,183277,0,3934486,8,26,4,6,7,0
扎雷殁提斯的多数元水母都满足于游泳，但有些元水母则是为了飞翔而生！,|cFFFFD200宠物对战：|r扎雷殁提斯,3217,183281,0,4227095,8,26,4,6,7,0
这玩意也能叫鸡？,|cFFFFD200宠物对战：|r扎雷殁提斯,3218,183285,0,4096556,2,26,4,6,7,0
遇到危险时，元螺会躲进它厚厚的装甲外壳里，如果进一步激怒它，它就会释放出毁灭性的力量。,|cFFFFD200宠物对战：|r扎雷殁提斯,3219,183292,0,3764236,4,26,4,6,7,0
有两份材料是翅膀，一份材料是鸟喙，两份材料是爪子，还有一份材料是洋洋自得。,|cFFFFD200专业技能：|r原生体合成,3220,183557,362640,4096544,2,2,3,6,7,0
这个小小的托加斯特折磨者喜欢沉醉于惩罚塔楼中的灵魂时的快感，只要这个灵魂没办法把它踩扁。,|cFFFFD200成就：|r典狱长的挑战：难度1|n|cFFFFD200分类：|r托加斯特,3221,183772,363086,3731618,0,82,5,6,7,0
她真是最可爱的小元螺了，对吧？,|cFFFFD200专业技能：|r原生体合成,3222,184196,364255,3764237,4,2,3,6,7,0
元螈身手敏捷但却性情怯懦。只要一遇到危险，元螈飞掠者就会藏进附近的洞穴里。,|cFFFFD200专业技能：|r原生体合成,3223,184183,364174,3934487,8,2,3,6,7,0
这种元甲虫用自己的红色外观告诉潜在的对手：可别小看我。,|cFFFFD200专业技能：|r原生体合成,3224,184184,364176,3922923,4,10,3,6,7,0
这些元鸡充满敌意，但从来都不会生气，他们享受着战斗里的每一分每一秒。,|cFFFFD200专业技能：|r原生体合成,3225,184189,364178,4096554,2,2,3,6,7,0
真的不知道‘多重’在哪里。,|cFFFFD200专业技能：|r原生体合成,3226,184190,364181,4096555,2,2,3,6,7,0
利许威姆的地质元素造物是会走路的石堆里最威严的。,|cFFFFD200专业技能：|r原生体合成,3227,184191,364182,4227083,6,2,3,6,7,0
只有一份材料，就是水母，但进行了一遍又一遍的刷新。,|cFFFFD200专业技能：|r原生体合成,3229,184186,364259,4227094,8,2,3,6,7,0
以恐惧为食，但自己太可爱所以没办法用自己的力量激发出恐惧。,|cFFFFD200专业技能：|r原生体合成,3230,184192,364184,4227092,8,2,3,6,7,0
这种生物的存在很大程度上暗示着其他种类的元水母的存在，它们同样以“痒”为基础材料，形式上却更为高级。,|cFFFFD200专业技能：|r原生体合成,3231,184193,364193,4227093,8,2,3,6,7,0
在没有障碍物的情况下，元兔如果遇到了一丁点威胁，都可以一下子跳到高空中，有时候它们甚至可以成功落地。,|cFFFFD200专业技能：|r原生体合成,3232,184194,364251,3922916,4,2,3,254,7,0
有两份材料是堡垒，一份材料是眼柄，还有一份材料是粘液。,|cFFFFD200专业技能：|r原生体合成,3233,184187,364254,3764235,4,2,3,6,7,0
一些种类的元蛇只会静待猎物送上门，但这种元蛇会花费数小时尾随自己的美餐。,|cFFFFD200专业技能：|r原生体合成|n,3234,184197,364256,4095289,7,2,3,6,7,0
因为合成出的生物刚一完成就是完全成年的样子，所以为什么有人会设计出这种没有发育完成的元螺？,|cFFFFD200专业技能：|r原生体合成,3235,184195,364252,3764238,4,2,3,6,7,0
勇敢无畏、古灵精怪、还有点笨手笨脚——她正是一名侏儒工程师！,|cFFFFD200特殊|r,3236,184285,364451,4226119,0,131154,7,6,7,0
这只小元螈先是变得太大，然后又变得太小，最后才变成了合适的大小。它跟着你回了家！,|cFFFFD200任务：|r我可以养它吗？,3237,184923,366069,3934488,8,82,1,6,7,0
看来自上次一别，本金和玛卡冯并没有闲着。玛卡金已经可以踏上冒险之旅了，但它只要看到一大堆绿叶蔬菜就会走不动路了。,|cFFFFD200商栈|r,3242,185322,366833,4559236,7,16466,2,6,7,0
他有颗金子般的心（字面意思）。这些亮闪闪的乖狗狗在各地的侏儒富人圈里人气高涨。,|cFFFFD200商栈|r,3243,183686,366841,1567069,9,16466,2,6,7,0
这个小小的上古之物在许多纪元前被聪明的死亡之神所欺骗而做了笔交易，只能无休无止地侍奉他人，于是他在执行这永恒的使命时，时刻都因为怒意而变得通红。,|cFFFFD200商栈|r,3244,185324,366842,2027568,3,16466,2,6,7,0
这台蛛魔工艺的小机器人的底板上草草地刻着“哔哔”这个名字，后面还有一行粗糙但满怀爱意的字迹，“由小丝制作”。,|cFFFFD200世界事件：|r儿童周,3245,185425,367189,4235634,9,2,6,6,7,0
,,3246,185475,0,236446,2,16400,-1,6,7,0
这不是真正的波可波克，但它将这个复制品提供给了你，让你可以在扎雷殁提斯之外使用。它的细节非常准确，如果没有跟真正的波可波克一起共度许多时光，就完全没办法区分二者的不同。,|cFFFFD200商人出售：|r奥利·玛努|n|cFFFFD200地区：|r扎雷殁提斯|n|cFFFFD200价格：|r500|Hcurrency:1979|h|TInterface\ICONS\INV_Trinket_ProgenitorRaid_02_Blue.BLP:0|t|h,3247,185477,367376,4327611,5,147,2,41,7,0
伊卡博德最早是危害西部荒野的恐怖麦田傀儡的一种原型机，但由于融入了小侏儒的灵感，他现在看起来相当人畜无害，最多只能摸到你的膝盖。,|cFFFFD200特殊|r |n,3248,183638,367696,4206469,9,16466,9,6,7,0
在乌索克成为众所周知的荒野之神以前，他是只叱咤灰熊丘陵的小熊崽。,|cFFFFD200游戏商城|r|n,3249,185586,367702,4208901,7,82,9,6,7,0
有些陆行鸟注定会长得伟岸，而其他的则注定会长成艾格波。,|cFFFFD200商栈|r,3250,183708,367732,294475,4,16466,2,6,7,0
众所周知，有些种类的红色蜜蜂过着离群索居的生活，但这只忙碌的蜜蜂似乎还是很乐意为你腾出点时间。,|cFFFFD200商栈|r,3251,185604,367748,2027854,2,16466,2,6,7,0
葛洛克是高里亚帝国的古老血脉。众所周知，阻碍他的帝国野心的唯一因素，只是他的小身板而已。,|cFFFFD200商栈|r,3252,185606,367768,4215254,0,16466,11,6,7,0
科多幼兽如果很早就展露出无法克制的破坏欲，就会因此开始接受攻城训练。当心你的小腿。,|cFFFFD200游戏商城|r,3253,185611,367778,4205812,7,16466,2,33,7,0
对这头哨兵猫头鹰的敌人来说，它无辜的大眼睛只是个假象，它真正意味着的，是潜伏在暗影中的致命女猎手。,|cFFFFD200商栈|r,3254,185621,367800,133247,2,16466,2,6,7,0
它粉色的鹿角令使它成为了派对上的核心角色。,|cFFFFD200商栈|r,3255,185756,368314,2481371,7,16466,2,6,7,0
巨龙群岛的珠宝匠大师的手艺臻至完美，他们打造的宝石塑像能够活过来。这只雏龙是用黑曜石打造的，可千万别小看它。,|cFFFFD200专业技能：|r珠宝加工|n,3256,186844,369723,4397690,1,2,3,6,7,0
,,3257,186884,0,3922922,4,56,-1,6,7,0
这只小兔子不管是圆圆的鼻子还是致命的爪尖都非常可爱。,|cFFFFD200宝藏：|r奇物之袋,3259,188709,371534,3733064,4,2,0,6,7,0
这种生物从树梢跳到白雪皑皑的另一棵树时，几乎没人可以发现。,|cFFFFD200宠物对战：|r碧蓝林海,3260,188792,0,4528721,4,26,4,6,7,0
希望，就像这只凤凰一样，会从破碎梦境的灰烬中重生。,|cFFFFD200掉落：|r监护者恩特里克丝|n|cFFFFD200地区：|r禁忌离岛,3261,188821,371594,4007138,5,2,0,6,7,0
一些非常聪明的巫师或者巨龙或者别的魔法生物觉得，把冰元素涂成紫色是很有意思的事情。他们的想法可能的确没错。,|cFFFFD200成就：|r我有什么办法？它们爱死我了。|n,3262,188849,371621,4572524,7,82,5,6,7,0
看起来像鸭子，闻起来像鸭子，叫起来也像鸭子……什么是鸭子？,|cFFFFD200成就：|r合格的宠物家长,3263,188861,371636,4533201,8,82,5,6,7,0
一块水晶里的一层里的一个碎片里的裂片，但走起路来却霸气十足。还好它挺喜欢你。,|cFFFFD200成就：|r小小爪牙的司令官,3264,188885,371655,133244,5,82,5,6,7,0
它真是臭臭的麝牛里最尊贵的了。,|cFFFFD200成就：|r小身材，大魅力,3265,188901,371675,4572410,7,80,5,6,7,0
在广袤的绿色平原和起伏的山丘之上，狐龙飞翔着，只在地上留下细小的影子，画出它们飞行的方向。,|cFFFFD200宠物对战：|r欧恩哈拉平原,3266,189160,0,4215000,2,26,4,6,7,0
在你看来，你是下周遇到这只狐龙的，但在它看来，它是去年遇到你的。,,3267,189211,371930,4215003,2,16416,-1,6,7,0
,,3268,189376,0,2399293,8,33840,-1,6,7,0
奇怪的是，你看到这只鱼时，它正飘在空中。,|cFFFFD200宝藏：|r气泡浮鱼|n|cFFFFD200地区：|r觉醒海岸,3269,189663,372585,4539687,8,2,0,6,7,0
对某些人来说，这条鱼滔滔不绝地讲述着如何在最险恶的环境下顽强求生。但对大多数人来说，它说的不过是“咕咚”。,|cFFFFD200商人出售：|r帕丘|n|cFFFFD200地区：|r碧蓝林海|n|cFFFFD200价格：|r300|Hitem:163036|h|TInterface\ICONS\INV_Currency_PetBattle.BLP:0|t|h,3270,189695,372750,4539689,8,2,2,6,7,0
这是你这辈子碰到的最喜欢被摸的尖锐生物。,|cFFFFD200宠物对战：|r欧恩哈拉平原、索德拉苏斯、碧蓝林海、觉醒海岸,3272,189093,0,3733067,4,26,4,6,7,0
不知怎么的，这种生物可以将滚烫、坚硬和粘稠三者同时体现在自己身上。,|cFFFFD200宠物对战：|r觉醒海岸,3273,189094,0,3996722,6,26,4,6,7,0
阿尔文说他想成为有史以来最棒的铁砧时，大家都不相信。如果铁砧会笑，它现在肯定笑得很开心。,|cFFFFD200专业技能：|r锻造|n,3274,189095,378738,1020356,9,2,3,6,7,0
栗子有一次发现了一个比他更大的橡子，就把它整个吞了下去，于是他的个子就翻了一倍。还好他没吃特朗卡朗普弗。,|cFFFFD200宝藏：|r橡子收割者|n|cFFFFD200地区：|r索德拉苏斯|n,3275,189096,374600,4528722,4,2,0,6,7,0
很多人都想弹它的鼻子，毕竟这样的小动物太可爱了。但大多数人因此没了手指。,|cFFFFD200宠物对战：|r欧恩哈拉平原、索德拉苏斯、碧蓝林海,3276,189097,0,4528723,4,26,4,6,7,0
最近有大量这类会飞的小动物涌入了永歌森林。,|cFFFFD200地区：|r永歌森林,3277,241500,374710,3732476,4,154,10,6,7,0
开心果之所以叫这个名字，跟你想象的原因完全一样。,|cFFFFD200商人出售：|r帕丘|n|cFFFFD200地区：|r碧蓝林海|n|cFFFFD200价格：|r50|Hitem:163036|h|TInterface\ICONS\INV_Currency_PetBattle.BLP:0|t|h,3278,189099,374734,4528732,4,2,2,6,7,0
这只小小的竞速爱好者从没错过任何一场比赛，也没碰到过她不喜欢的参赛者。,|cFFFFD200成就：|r巨龙竞速大满贯 - 白银|n,3279,189101,387685,4452490,1,82,5,6,7,0
众所周知，这些隐秘的生物很难被发现，除非你真的知道它们在哪。还好哈尼科已经告诉你了。,|cFFFFD200宠物对战：|r觉醒海岸,3280,189102,0,3995640,2,65546,4,6,7,0
除了战斗、洗澡、玩耍之外，这些奥獭的生活十分繁忙。,|cFFFFD200宠物对战：|r欧恩哈拉平原、碧蓝林海、觉醒海岸,3281,189103,0,3751917,8,26,4,6,7,0
成年龙蛙打嗝的声音好几里外就能听到。而小龙蛙打嗝时发出的优雅声音虽然传得没那么远，但却悦耳得多。,|cFFFFD200宠物对战：|r欧恩哈拉平原、索德拉苏斯、碧蓝林海、觉醒海岸,3282,189104,0,1802889,8,26,4,6,7,0
你感觉背后一凉时，别害怕，很可能其实是你的宠物——雪灵。,|cFFFFD200宠物对战：|r碧蓝林海、觉醒海岸,3283,189107,0,4554460,6,26,4,6,7,0
奥獭宝宝们整日都在游泳、追逐蝴蝶，还有练习慑人的吼叫。,|cFFFFD200阵营：|r伊斯卡拉海象人|n|cFFFFD200名望：|r9|n|cFFFFD200商人出售：|r基克|n|cFFFFD200地区：|r伊斯卡拉,3284,189105,374889,3751919,8,18,2,6,7,0
在它硕大的双眼中你可以看到自己的身影。你也看到了所有别的东西，因为它的眼睛真是太大了。,|cFFFFD200掉落：|r拉特洛克|n|cFFFFD200地区：|r禁忌离岛,3285,189106,374895,3751920,8,2,0,6,7,0
嘟嘟先生叫这个名字是因为他可以用鼻子发出优美的声音。,|cFFFFD200任务：|r进展如何？|n|cFFFFD200地区：|r觉醒海岸,3286,189108,374998,3946881,7,82,1,6,7,0
火焰回忆之梦。,|cFFFFD200商人出售：|r密斯莱莎|n|cFFFFD200地区：|r瓦德拉肯|n|cFFFFD200价格：|r1000|Hcurrency:2118|h|TInterface\ICONS\INV_Misc_Powder_Thorium.blp:0|t|h,3287,189111,375035,4554439,3,2,2,6,7,0
虽然小小的獠牙在战斗中起不了多大作用，但特朗卡朗普弗还是可以用自己的体重获得优势。,|cFFFFD200宠物对战：|r欧恩哈拉平原、碧蓝林海,3288,189110,0,3946882,7,26,4,6,7,0
火花可以成为余烬。余烬可以成为怒火。这只生物从来不是火花，也不是余烬，它只成为过怒火。,|cFFFFD200掉落：|r世界掉落|n|cFFFFD200天气：|r元素风暴（火）|n|cFFFFD200地区：|r 觉醒海岸、欧恩哈拉平原、碧蓝林海、索德拉苏斯,3289,189112,389363,4554438,6,2,0,6,7,0
它虽然是想坐哪就坐哪，但却最喜欢坐在膝盖上。,|cFFFFD200宝藏：|r禁忌离岛的兹斯克拉宝库,3290,189113,375045,3946885,7,2,0,6,7,0
殴殴对战斗的渴望在它的血管里流淌着。,|cFFFFD200掉落：|r猎人弗拉肯|n|cFFFFD200地区：|r禁忌离岛,3291,189115,375047,3946886,7,2,0,6,7,0
有些人以为这生物焖燃的原因是它着火了，而其实是因为它灼热的目光。,|cFFFFD200任务: |r凤凰的传说|n|cFFFFD200地区：|r觉醒海岸,3292,189117,375084,4007139,5,2,1,6,7,0
红色是来自它出生时周围的烈焰。,|cFFFFD200掉落：|r捋骨者马尔瓦克|n|cFFFFD200地区：|r禁忌离岛,3293,189118,375085,4007140,5,2,0,6,7,0
有可能从时间的灰烬里重生吗？吉拉德认为可能，而且他不接受否定的答案。,|cFFFFD200成就：|r查拉雷克洞窟全谱系宠物斗士|n|cFFFFD200类型：|r对战,3294,189119,375089,4007141,5,82,5,6,7,0
岩浆涌上艾泽拉斯的地表，灌注了黑暗的元素魔法后，火成岩砾就形成了。这种生物娇小而暴躁，同时非常可爱。,|cFFFFD200宠物对战：|r索德拉苏斯、碧蓝林海、觉醒海岸,3295,189121,0,1016245,6,26,4,6,7,0
这只蝾螈想成为你最好的朋友。,|cFFFFD200宠物对战：|r欧恩哈拉平原、索德拉苏斯、碧蓝林海、觉醒海岸,3296,189122,0,4056158,8,26,4,6,7,0
这只蝾螈迷失在时间中时，和它自己见面了。它俩一起在一块岩石上呆了几小时，感觉挺不错的。,|cFFFFD200商栈|r,3297,189123,375235,4056156,8,16466,7,6,7,0
许多蝾螈的颜色都很有意思，但这种蝾螈的颜色是最酷的。,,3298,189128,375242,4056157,8,16416,-1,6,7,0
深渊夺走的，没人能夺回来。,|cFFFFD200掉落：|r世界掉落|n|cFFFFD200天气：|r元素风暴（水）|n|cFFFFD200地区：|r 觉醒海岸、欧恩哈拉平原、碧蓝林海、索德拉苏斯,3299,189130,389378,4554443,6,2,0,6,7,0
虽然巨龙群岛的很多生物都很神秘，但最神秘的大概还是鸭子了。它们来自哪里？它们要去往何方？他们有什么计划？我们也许永远无法得知。,|cFFFFD200宠物对战：|r欧恩哈拉平原、觉醒海岸,3300,189131,0,3953209,2,26,4,6,7,0
嘎嘎。,|cFFFFD200宠物对战：|r欧恩哈拉平原、索德拉苏斯、觉醒海岸,3301,189136,429055,4048813,8,26,4,6,7,0
还在学飞。,|cFFFFD200任务：|r鸭子的大英雄|n|cFFFFD200地区：|r欧恩哈拉平原,3302,189138,375266,4048814,8,2,1,6,7,0
你给小鸭子喂什么？什么？别，别喂奶酪和小鸭饼干！鸭子吃小鸭饼干对身体不好。,|cFFFFD200商人出售：|r帕卡克|n|cFFFFD200地区：|r瓦德拉肯|n|cFFFFD200价格：|r1|Hitem:197788|h|TInterface\ICONS\INV_Misc_Food_Meat_Cooked_06.blp:0|t|h 1|Hitem:197789|h|TInterface\ICONS\INV_Misc_Food_99.blp:0|t|h 3|Hitem:197792|h|TInterface\ICONS\INV_Misc_FortuneCookie_color03.BLP:0|t|h,3303,189140,375312,4048815,8,2,2,6,7,0
哔。哔。哔。嘎。,|cFFFFD200专业技能：|r工程学,3306,189142,375321,4048816,8,2,3,6,7,0
它是盘旋于巨龙群岛的恐魔，是击碎你的翡翠梦境的飞翼梦魇。什么？不，它不是死亡之翼，是一只鸭子！,|cFFFFD200宠物对战：|r欧恩哈拉平原、觉醒海岸、瓦德拉肯,3307,189144,429053,4048817,8,26,4,6,7,0
它实在是太小了，难怪会迷失在时间里。,,3308,189145,375336,4048818,8,16416,-1,6,7,0
这些美丽而隐秘的鸟儿的迁徙模式非常怪异，很难追踪，导致一些探险者错误地认为鸭子并不存在。,|cFFFFD200宝藏：|r被咬过一点点的鸭蛋|n|cFFFFD200地区：|r欧恩哈拉平原|n,3309,189133,375344,3953211,2,2,0,6,7,0
在山巅的风中，滚雷袭来之时，一捧白霜还留驻在草尖上。,|cFFFFD200掉落：|r世界掉落|n|cFFFFD200天气：|r元素风暴（气）|n|cFFFFD200地区：|r 觉醒海岸、欧恩哈拉平原、碧蓝林海、索德拉苏斯,3310,189132,389384,4554444,6,2,0,6,7,0
它的眼睛从几里外就能看到一只老鼠尾巴的摆动。,|cFFFFD200掉落：|r洪荒狩猎战利品|n,3311,189134,389429,4094306,2,82,0,6,7,0
如果一只鸭子在林地里嘎嘎叫，而附近没有人来听它的叫声，那这只鸭子真的存在吗？,,3312,189135,375355,3953208,2,16416,-1,6,7,0
这只生物每走一步，大地都会震颤。当一大群一起奔行时，听起来就像是狂怒的雷霆风暴。,|cFFFFD200宠物对战：|r欧恩哈拉平原、索德拉苏斯、觉醒海岸,3313,189153,0,4033837,7,26,4,6,7,0
这只小生物其实名不副实，它并不能令大地震颤，因为它只会拖着腿走来走去。,,3314,189150,375366,4033838,7,16416,-1,6,7,0
谁才是最可爱的小怪兽？是你！,|cFFFFD200任务：|r唉，它能跑哪儿去呢？|n|cFFFFD200地区：|r索德拉苏斯,3316,189152,386575,4452489,1,82,1,6,7,0
这种雷霆蜥蜴很罕见，但众所周知的是，它们和半人马及其盟友很亲密。你运气真好！,|cFFFFD200商人出售：|r军需官胡森|n|cFFFFD200地区：|r欧恩哈拉平原|n|cFFFFD200价格：|r100|Hcurrency:2003|h|TInterface\ICONS\INV_Faction_WarResources.BLP:0|t|h,3317,189154,375378,4033840,7,18,2,6,7,0
这些生物奔腾时，听起来就像雷霆风暴一般。而它们在雷霆风暴中奔腾时，听起来就像大灾变一般。,|cFFFFD200宠物对战：|r觉醒海岸,3318,189155,0,4033841,7,26,4,6,7,0
这只狐龙的母亲被腐朽之力所扭曲，你让她安息之后，才遗憾地意识到了这只狐龙宝宝叫这个名字的原因，以及为什么佐恩沃基要拜托你照顾它。,|cFFFFD200任务：|r巨狐修卡利|n|cFFFFD200地区：|r碧蓝林海,3319,189204,371925,4215001,2,2,1,6,7,0
这些小动物的白色毛皮帮助它们隐藏在白雪之中，从而躲避附近的捕食者。,|cFFFFD200宠物对战：|r碧蓝林海,3320,189209,0,4215002,2,26,4,6,7,0
黑羽啄木鸟守护鸟巢时爆发出来的愤怒几乎没人能赶得上。,|cFFFFD200宝藏：|r黑羽筑巢者|n|cFFFFD200地区：|r碧蓝林海|n,3321,189156,375413,3998670,2,2,0,6,7,0
这些鸟会使用锐利的鸟喙和龙一样的利爪来寻觅树桩和树枝里的猎物。它们彼此交流的方式是用喙敲击树木，发出的声音可以传得很远。,|cFFFFD200宠物对战：|r欧恩哈拉平原、碧蓝林海,3322,189157,0,3998673,2,26,4,6,7,0
它的羽毛很闪亮。别的还需要说什么？,|cFFFFD200宝藏：|r禁忌离岛的兹斯克拉宝库,3323,189158,375448,3998672,2,2,0,6,7,0
这只獒犬忠实而凶猛，是英雄最好的朋友。,|cFFFFD200掉落：|r洪荒狩猎战利品|n,3325,189159,389503,1033494,7,82,0,6,7,0
这只木齿兽除了喜欢慵懒地顺流而下以外，也喜欢吃零食和抱抱。,|cFFFFD200阵营：|r伊斯卡拉海象人|n|cFFFFD200名望：|r9|n|cFFFFD200商人出售：|r基克|n|cFFFFD200地区：|r伊斯卡拉,3326,189655,375473,4227787,7,18,2,6,7,0
猎人看重这些小动物更多的是在于其提供的陪伴，而不是其毛皮。,|cFFFFD200宠物对战：|r欧恩哈拉平原,3327,189657,0,4227788,7,26,4,6,7,0
“它比金子更美好。这些小家伙很娇气，但却有超人的胆量。”——鲍勃·大心,|cFFFFD200宠物对战：|r欧恩哈拉平原、碧蓝林海,3328,189658,0,4227789,7,26,4,6,7,0
这种木齿兽会发出雷电？真把人震到惊了！,|cFFFFD200宠物对战：|r欧恩哈拉平原,3329,189660,0,4227790,7,26,4,6,7,0
这种生物因为啃咬魔法树根而获得了超越时间的能力。,|cFFFFD200商人出售: |r图里克|n|cFFFFD200区域：|r禁忌离岛|n|cFFFFD200价格：|r25000|Hcurrency:2118|h|TInterface\ICONS\INV_Misc_Powder_Thorium.blp:0|t|h,3330,189661,375499,4227791,7,2,2,6,7,0
鱼有獠牙是正常的吗？,|cFFFFD200专业技能：|r钓鱼|n|cFFFFD200地区：|r禁忌离岛的兹斯克拉宝库|n,3331,189694,375511,4539688,8,2,3,6,7,0
这种褶鱼的大脑没有褶子。,|cFFFFD200宝藏：|r独特的鱼|n|cFFFFD200地区：|r禁忌离岛的兹斯克拉宝库,3332,189696,375536,4539690,8,2,0,6,7,0
巨龙群岛的龙麒的鬃毛具有很多种让人眼花缭乱的颜色。,|cFFFFD200宝藏：|r禁忌离岛的兹斯克拉宝库,3333,191287,375553,4218747,7,2,0,6,7,0
这种生物很可能是越长越年轻。你的目光每次扫到它，都觉得它变年轻了一点儿。,|cFFFFD200商人出售：|r 布伦多米|n|cFFFFD200价格：|r 105|Hitem:202039|h|TInterface\ICONS\inv_misc_stormlordsfavor.blp:0|t|h 1500|Hcurrency:2118|h|TInterface\ICONS\INV_Misc_Powder_Thorium.blp:0|t|h,3334,191298,375567,4218748,7,18,2,6,7,0
看呐！一只苍白的龙麒！,|cFFFFD200宠物对战：|r碧蓝林海,3335,191316,0,4218751,7,26,4,6,7,0
它大概还会长大一点吧。大概。,|cFFFFD200宠物对战：|r索德拉苏斯、碧蓝林海、觉醒海岸,3336,191323,0,4218749,7,26,4,6,7,0
这只生物的背上长着尖锐的晶刺，但不知怎么的，它依然渴望着你的抚摸。,|cFFFFD200宝藏：|r活化的晶刺猪|n|cFFFFD200地区：|r禁忌离岛,3338,191435,375642,4572405,5,2,0,6,7,0
这头小龙斗志昂扬！看起来他有事情要做。,|cFFFFD200任务：|r龙之假日|n,3342,191381,375707,4572403,1,16466,1,6,7,0
有时候，你可以看到构成这只奇特生物的宝石的深处泛起蓝色的亮光。,|cFFFFD200专业技能：|r珠宝加工,3344,191383,375709,4397609,1,2,3,6,7,0
这只雏龙最难塑造的是它可爱的小鼻子。,|cFFFFD200专业技能：|r珠宝加工|n,3345,191384,375710,4397692,1,2,3,6,7,0
贸易大王加里维克斯想让你知道，他已经有三只这个了。,|cFFFFD200专业技能：|r珠宝加工|n,3346,191385,375711,4397694,1,2,3,6,7,0
它的心里有一颗灌注了魔法的翡翠。,|cFFFFD200专业技能：|r珠宝加工|n,3347,191386,375712,4397693,1,2,3,6,7,0
这个生物周围的雨点以骇人的速度飞舞着，撕裂一切接触到的东西。专家说，要想避免受伤，最好的办法就是给它一块零食，并且好好地抱抱它。,|cFFFFD200任务：|r原始威胁|n|cFFFFD200地图：|r德拉诺什尔封锁线（部落）、暴风城港口（联盟）|n,3348,191387,375713,4554454,6,2,1,6,7,0
巴希尔顿勋爵是个优秀的执行助理和学徒，看到一堆有意思的东西时，总喜欢把鼻子伸进去。,|cFFFFD200任务：|r继续前行，巴希尔顿|n|cFFFFD200地区：|r索德拉苏斯,3350,191627,376302,4572408,5,82,1,6,7,0
这些小熊一般不会攻击人，但听说它们偶尔会偷走野餐篮。,|cFFFFD200宠物对战：|r索德拉苏斯、碧蓝林海,3351,194720,0,4532348,7,26,4,6,7,0
长红毛在冬天会过得很艰难，但在秋天就会很时尚。,|cFFFFD200宠物对战：|r索德拉苏斯,3352,192251,0,4532350,7,26,4,6,7,0
这个生物的壳并不是石头做的，而是硬得跟石头一样。,|cFFFFD200宠物对战：|r欧恩哈拉平原、索德拉苏斯,3353,192254,0,1738680,8,26,4,6,7,0
它嬉戏时泼出的水会把你电得够呛。,|cFFFFD200宠物对战：|r碧蓝林海,3354,192256,0,3751921,8,26,4,6,7,0
对元素魔法的鲁莽使用导致沉睡的土地苏醒了。它很生气。,|cFFFFD200掉落：|r世界掉落|n|cFFFFD200天气：|r元素风暴（土）|n|cFFFFD200地区：|r 觉醒海岸、欧恩哈拉平原、碧蓝林海、索德拉苏斯,3355,192258,389143,4554437,6,2,0,6,7,0
它的壳其实比白垩要硬很多。,|cFFFFD200宠物对战：|r碧蓝林海|n,3356,192260,0,1738684,8,26,4,6,7,0
猎人很喜欢狩猎这种生物，想用它背上的尖锐水晶制作武器。,|cFFFFD200宠物对战：|r碧蓝林海,3357,192265,0,4572407,5,26,4,6,7,0
红脊猪的血会流过构成它身体的清澈水晶构造，使其拥有独特的颜色。,|cFFFFD200宠物对战：|r索德拉苏斯,3358,192268,0,4572409,5,26,4,6,7,0
成年雪爪熊可以用吼声令树木咯咯作响。熊崽只能让一条树枝发出响声。,|cFFFFD200世界事件：|r 原始熊崽|n|cFFFFD200地区：|r 碧蓝林海 ,3359,192343,377361,4532351,7,2,6,6,7,0
龟如其名，它喜欢吃虫子，但你可能无法相信它吃的虫子有多大。,|cFFFFD200世界事件：|r帮助凯米尔·辉刃|n|cFFFFD200地区：|r觉醒海岸|n,3360,192350,377392,1738683,8,2,6,6,7,0
暴露于魔法、矿石和水压之下后，它的外形看起来非常锐利。,|cFFFFD200宠物对战：|r多恩岛|n,3361,192363,377401,2027876,8,26,4,6,7,0
这些螃蟹用岩石和宝石的碎片来铸造自己的外壳。,|cFFFFD200宝藏：|r魔法宝箱|n|cFFFFD200地区：|r多恩岛,3362,192365,377407,2027883,8,2,0,6,7,0
噢，亮晶晶的！,,3363,192366,377410,2027885,8,16416,-1,6,7,0
它们天生就是猎蛇好手，行踪隐秘，身材修长，擅长追蛇入洞。,|cFFFFD200宠物对战：|r祖阿曼,3364,192368,377417,2027896,7,154,4,6,7,0
大多数色彩鲜艳的青蛙都有难以置信的剧毒。玫红跃蛙却不一样，因为它们只有可以置信的剧毒。,|cFFFFD200宝藏：|r隐藏的龙蛙人质|n|cFFFFD200地区：|r觉醒海岸,3365,192369,377423,2399259,8,2,0,6,7,0
有个法师名叫麦奎尔，喜欢闯祸。他决定生一团小火。他召唤了一团火焰后，不得不大叫：‘我不需要这么旺！’,|cFFFFD200宠物对战：|r索德拉苏斯、碧蓝林海、觉醒海岸,3366,193000,0,4554448,6,26,4,6,7,0
幼生余烬的核心温度足以融解任何有机物，所以想摸它的话记得戴手套。,|cFFFFD200宠物对战：|r觉醒海岸,3367,193024,0,132847,6,26,4,6,7,0
讽刺的是，她性格很温和。,|cFFFFD200任务：|r女王驾崩,3368,194004,382811,2027946,6,18,5,6,7,0
诞生于活石，经由拉希奥的特工重铸而来。可惜实在太小，在黑龙与贾拉丁的战争中起不了什么作用。,|cFFFFD200商人出售：|r伊莱斯·轻指|n|cFFFFD200地区：|r觉醒海岸|n|cFFFFD200价格：|r1|Hitem:198357|h|TInterface\ICONS\INV_Shield_1H_DragonQuest_B_02.blp:0|t|h 2|Hitem:198082|h|TInterface\ICONS\INV_Ore_Blackrock_Nugget.blp:0|t|h 3|Hitem:199219|h|TInterface\ICONS\INV_Misc_Food_Legion_gooBloodGel_chunk.BLP:0|t|h,3376,195896,386985,2101174,6,2,2,6,7,0
,|cFFFFD200宠物对战：|r碧蓝林海,3377,196206,0,2481204,8,33840,4,6,7,0
它也想消停点，但魔法实在是太好吃了呀。,|cFFFFD200阵营：|r瓦德拉肯联军|n|cFFFFD200名望：|r18|n|cFFFFD200商人出售：|r园丁卡玛|n|cFFFFD200地区：|r瓦德拉肯,3378,196304,388085,4452485,1,18,2,6,7,0
这种始祖雏龙的独特颜色广受宠物训练师追捧。,|cFFFFD200阵营：|r瓦德拉肯联军|n|cFFFFD200名望：|r18|n|cFFFFD200商人出售：|r园丁卡玛|n|cFFFFD200地区：|r瓦德拉肯,3379,196305,388086,4452488,1,18,2,6,7,0
龙鳞先遣营地被它们骚扰几周以后，晶须爷爷发现了一种办法可以捕捉它们并利用它们来消灭其他更讨厌的虫子。,|cFFFFD200阵营：|r龙鳞探险队|n|cFFFFD200名望：|r11|n|cFFFFD200商人出售：|r晶须爷爷|n|cFFFFD200地区：|r龙鳞先遣营地,3380,196409,388268,3995637,2,18,2,6,7,0
在纳纳斯博士的邀请和指导下，灰色狨猴变得很普遍，但它们有时不是龙鳞先遣营地喜欢的客人。,|cFFFFD200阵营：|r龙鳞探险队|n|cFFFFD200名望：|r11|n|cFFFFD200商人出售：|r晶须爷爷|n|cFFFFD200地区：|r龙鳞先遣营地,3381,194893,384874,877482,0,18,2,6,7,0
这只始祖幼龙还在蛋里的时候就被一道闪电击中了。几年后，这道闪电还活在它体内。,|cFFFFD200商人出售：|r密斯莱莎|n|cFFFFD200地区：|r瓦德拉肯|n|cFFFFD200价格：|r1000|Hcurrency:2118|h|TInterface\ICONS\INV_Misc_Powder_Thorium.blp:0|t|h,3382,196666,388913,4509432,1,2,2,6,7,0
一啄，再啄，啪嚓！,|cFFFFD200宠物对战：|r索德拉苏斯,3384,192259,0,3998671,2,26,4,6,7,0
你妈妈一直告诉你别吃被闪电击中的草，这就是原因。,|cFFFFD200宠物对战：|r觉醒海岸,3385,192029,0,4033839,7,26,4,6,7,0
,,3386,192097,0,4452485,1,32,-1,6,7,0
,,3387,192067,0,4452488,1,32,-1,6,7,0
,,3388,192106,0,4452487,1,32,-1,6,7,0
这可不是你祖父的鸭子！或者说……也许其实就是？,|cFFFFD200宠物对战：|r欧恩哈拉平原,3389,197063,0,3953207,3,26,4,6,7,0
一小部分泰坦之力，而体型更是比泰坦小很多。,|cFFFFD200专业技能：|r附魔,3390,197089,389801,4554442,6,2,3,6,7,0
,,3391,197114,0,3946886,7,32,-1,6,7,0
,,3392,197116,0,3732476,2,32,-1,6,7,0
,,3393,197214,0,134908,0,32,-1,35,7,0
,,3394,197215,0,236473,9,32,-1,6,7,0
与人亲近又好奇心十足，这些小虎崽似乎找到了最特别的藏身之所。,|cFFFFD200集换式卡牌：|r天灾战争,3395,197216,0,298591,5,32,8,6,7,0
,,3396,197336,0,3995641,2,33824,-1,6,7,0
,,3397,197375,0,294474,4,32,-1,6,7,0
,,3398,197382,0,132167,7,32,-1,6,7,0
,,3400,197384,0,250626,2,32,-1,6,7,0
,,3401,197417,0,135752,5,33824,-1,6,7,0
,,3402,197447,0,132845,6,33824,-1,6,7,0
坏消息是这些虫子喜欢吃肉。好消息是它们一般只吃别的虫子。,|cFFFFD200宠物对战：|r索德拉苏斯,3403,197629,0,3995638,2,26,4,6,7,0
这些小动物可以在陆地上行走后，就会立刻离开它们的族群。,|cFFFFD200宠物对战：|r索德拉苏斯,3404,197637,0,2481372,8,26,4,6,7,0
云端的巨龙温泉能提供的最好的纪念品。但它再也不适合贴在脸上了。,|cFFFFD200任务：|r特殊招待|n|cFFFFD200地区：|r索德拉苏斯,3405,197963,392351,1500916,5,26,1,33,7,0
虽然菲泽斯沃斯女勋爵总是姗姗来迟，但她从不会错过任何一场聚会。,|cFFFFD200成就：|r巨龙群岛全谱系宠物斗士|n|cFFFFD200分类：|r对战,3406,197969,392380,2103802,5,82,5,6,7,0
斯考特前往巨龙群岛是为了刺激的冒险。找到你之后，他的目标实现了。,|cFFFFD200商人出售：|r帕丘|n|cFFFFD200地区：|r碧蓝林海|n|cFFFFD200价格：|r5000|Hitem:163036|h|TInterface\ICONS\INV_Currency_PetBattle.BLP:0|t|h,3407,192108,374678,1600295,7,2,2,6,7,0
木须氏族决定举行一场婚礼。他们选择花瓣当花童。她真是棒极了。,|cFFFFD200商人出售：|r帕丘|n|cFFFFD200地区：|r碧蓝林海|n|cFFFFD200价格：|r100|Hitem:163036|h|TInterface\ICONS\INV_Currency_PetBattle.BLP:0|t|h,3408,198077,375223,1500941,5,2,2,6,7,0
希望我可以束缚海潮并令其屈从于我的意志。但海洋深邃无边，海潮也不等人。,|cFFFFD200掉落：|r气阀灵魂吸入器|n|cFFFFD200专业技能：|r工程学,3409,198269,374751,252995,6,2,0,6,7,0
这个精魂被捕获后，被关在一个魔法金属制成的囚笼里，然后它成功地将这些金属扭曲并重塑成了它现在穿着的这副盔甲。,|cFFFFD200掉落：|r气阀灵魂吸入器|n|cFFFFD200专业技能：|r工程学,3410,198271,374755,4632784,6,2,0,6,7,0
这是森林大火之魂。虽然它的盔甲控制了火势，但你有时候会发现它的眼神流露出对死去的树木和干燥灌木丛的渴望。,|cFFFFD200掉落：|r气阀灵魂吸入器|n|cFFFFD200专业技能：|r工程学|n,3411,198272,374840,1786407,6,2,0,6,7,0
这只幽魂还是清风的时候，会将气味吹向艾泽拉斯的每个角落。有时你可以在食物、烟气，或者惨烈的战场上闻到那悲凉的气味。,|cFFFFD200掉落：|r气阀灵魂吸入器|n|cFFFFD200专业技能：|r工程学,3412,198273,374883,606549,6,2,0,6,7,0
拉希奥发现一窝黑色雏龙后，决定自己来照顾它们。,|cFFFFD200阵营：|r拉希奥|n|cFFFFD200商人出售：|r罗瑞娜·贝利|n|cFFFFD200地区：|r黑曜堡垒,3414,198316,393330,4452486,1,18,2,6,7,0
卡布里曾经过于接近时间魔法，使他获得了远超普通的熊的力量。,|cFFFFD200NPC：|r奇怪的熊崽,3415,198480,374887,4532349,7,82,0,6,7,0
你敢打开这本讲述巨龙奥秘的书吗？,|cFFFFD200商人出售：|r帕丘|n|cFFFFD200地区：|r碧蓝林海|n|cFFFFD200价格：|r200|Hitem:163036|h|TInterface\ICONS\INV_Currency_PetBattle.BLP:0|t|h,3416,198511,375036,4549126,5,2,2,6,7,0
粉粉独特的色彩和完美的职业道德使其跃升至陆行鸟时尚界的顶尖舞台。,|cFFFFD200商人出售：|r帕丘|n|cFFFFD200地区：|r碧蓝林海|n|cFFFFD200价格：|r500|Hitem:163036|h|TInterface\ICONS\INV_Currency_PetBattle.BLP:0|t|h,3417,198543,375043,4037556,7,2,2,6,7,0
,,3422,199938,0,2399293,8,33840,-1,6,7,0
,,3423,199940,0,2399293,8,32816,-1,6,7,0
,,3424,200003,0,2399293,8,33840,-1,6,7,0
,,3425,200004,0,2399293,8,50200,-1,6,7,0
人们通常认为，这生物非常温顺，但如果你拿一根胡萝卜捅到它脸上，你的手指肯定会失去知觉。,|cFFFFD200声望：|r冬裘熊怪|n|cFFFFD200地区：|r冬裘谷|n,3427,200259,398170,4905304,6,18,2,6,7,0
,,3429,200684,0,237007,6,33840,-1,6,7,0
,,3430,200692,0,237008,6,33840,-1,6,7,0
,,3431,200688,0,237009,6,33840,-1,6,7,0
,,3432,200696,0,237012,6,33840,-1,6,7,0
,,3433,200682,0,237007,6,33840,-1,6,7,0
,,3434,200690,0,237008,6,33840,-1,6,7,0
,,3435,200686,0,237009,6,33840,-1,6,7,0
,,3436,200694,0,237012,6,33840,-1,6,7,0
,,3437,200685,0,237007,6,50224,-1,6,7,0
,,3438,200693,0,237008,6,50224,-1,6,7,0
,,3439,200689,0,237009,6,50224,-1,6,7,0
,,3440,200697,0,237012,6,50224,-1,6,7,0
,,3441,200680,0,4080564,2,32816,-1,6,7,0
,,3442,200679,0,2027918,8,32816,-1,6,7,0
,,3443,200678,0,4215003,2,32816,-1,6,7,0
,,3444,200677,0,2399293,8,32816,-1,6,7,0
因为以前在风暴肆虐的禁忌离岛度过的生活而非常高傲，依然依恋着元素控制这片土地时的好日子。真有点吹牛大王的味道。,|cFFFFD200任务：|r削切之风|n|n|cFFFFD200地区：|r禁忌离岛,3446,200769,0,237007,6,18,1,6,7,0
据说是来自一片失落已久的土地，那片土地是座巨大火山的残迹，但这个故事有点经不起推敲。,|cFFFFD200任务：|r漂移之地|n|n|cFFFFD200地区：|r禁忌离岛,3447,200770,0,237008,6,18,1,6,7,0
它周围的火焰在战斗时烧得更旺。甚至可以说宠物对战会撩拨它内心的战火。,|cFFFFD200任务：|r干柴烈火|n|n|cFFFFD200地区：|r禁忌离岛,3448,200771,0,237009,6,18,1,6,7,0
听到有人谈话就会抬起头，它通常喜欢专注在“流行”的世界事件上。,|cFFFFD200任务：|r飞洪直下|n|n|cFFFFD200地区：|r禁忌离岛,3449,200772,0,237012,6,18,1,6,7,0
,,3450,201840,0,4533201,8,32,-1,6,7,0
,,3451,201842,0,2103802,5,32,-1,6,7,0
,,3452,201845,0,3946883,7,32,-1,6,7,0
,,3453,201849,0,4622499,1,33824,-1,6,7,0
,,3454,201858,0,4218759,4,33824,-1,6,7,0
,,3455,201884,0,652138,1,32,-1,6,7,0
,,3456,201888,0,3953210,3,32,-1,6,7,0
,,3457,201889,0,2027946,6,32,-1,6,7,0
,,3458,201900,0,3953209,6,32,-1,6,7,0
,,3459,201901,0,3995637,2,32,-1,6,7,0
,,3460,201904,0,3998673,2,32,-1,6,7,0
,,3465,202440,0,252780,0,33824,-1,6,7,0
,,3466,202452,0,4038107,9,33824,-1,6,7,0
,,3472,202492,0,645203,0,32,-1,6,7,0
,,3473,202493,0,1338949,4,32,-1,6,7,0
,,3474,202494,0,656166,1,32,-1,6,7,0
有个机器人伴随在你身边的话，就再也不需要什么工具带啦！只是请记住，千万别狠狠地撞到它。,|cFFFFD200特殊：|r战友招募,3475,202548,403243,4679804,9,16466,7,6,7,0
被抛弃的古老玩具，非常危险。,|cFFFFD200宝藏：|r 破烂的礼盒|n|cFFFFD200NPC：|r丁克顿原型|n|cFFFFD200地区：|r禁忌离岛的兹斯克拉宝库|n,3476,202484,403072,2399252,9,2,0,6,7,0
泥潭跳跃者因能够吞下与自己大小相仿的虫子而闻名，一口全吞掉！,|cFFFFD200宠物对战：|r查拉雷克洞窟,3477,203287,0,4879733,8,26,4,6,7,0
峭燕会收集碎石并筑起巢穴。,|cFFFFD200宠物对战：|r查拉雷克洞窟,3478,203288,0,4870957,2,26,4,6,7,0
当这些昆虫蜂拥而来，看起来就像是一只金色的蛤蟆。,|cFFFFD200宠物对战：|r查拉雷克洞窟,3479,203289,0,3995641,2,26,4,6,7,0
这种生物通常外表晦暗，但偶尔会有一只闪着鲜艳红光的出现。,|cFFFFD200宠物对战：|r查拉雷克洞窟,3480,203292,429058,5008150,4,26,4,6,7,0
石须鼠耳朵上的闪闪亮光据说来自于魔法奶酪，难怪它们嘴里的味道臭不可闻。,|cFFFFD200宠物对战：|r查拉雷克洞窟,3481,203308,0,4616696,4,26,4,6,7,0
黏黏糊糊，掺杂砂土，不宜下饭。,|cFFFFD200宠物对战：|r查拉雷克洞窟,3482,203310,429074,5003559,4,26,4,6,7,0
巨石之牙的爱巢总是位于橱柜、鞋子和其他相对隐秘的地方。,|cFFFFD200宠物对战：|r查拉雷克洞窟,3483,203311,0,5045824,7,26,4,6,7,0
虽然大部分结构源自石头，但这些生物可以飞翔。有人把这归功于翅膀的力量，但大部分人相信肯定是魔法所为。,|cFFFFD200宠物对战：|r查拉雷克洞窟,3484,203312,0,5009626,6,26,4,6,7,0
不是所有蛾子都能吐出真丝，有些还能吐露假话。,|cFFFFD200宠物对战：|r查拉雷克洞窟,3485,203313,0,5015301,2,26,4,6,7,0
磐莺的啼鸣声在一众鸟类里十分独特，有着悠扬而强烈的韵律。,|cFFFFD200宠物对战：|r查拉雷克洞窟,3486,203358,0,4870956,2,26,4,6,7,0
由于巢穴和卓格巴尔的聚居地近在咫尺，这些蜗牛的速度和力量都比地表上的亲戚更胜一筹。,|cFFFFD200宠物对战：|r查拉雷克洞窟,3487,203364,429073,5003562,4,26,4,6,7,0
世界之心的火焰在它的甲壳中熊熊燃烧。,|cFFFFD200宠物对战：|r查拉雷克洞窟,3488,203367,0,5009628,6,26,4,6,7,0
它的胸膛里仿佛燃烧着微小的太阳。,|cFFFFD200宠物对战：|r查拉雷克洞窟,3489,203372,0,5045825,7,26,4,6,7,0
因为经常被烛火吸引，对狗头人来说，这种飞蛾总会惹出大祸。,|cFFFFD200宠物对战：|r查拉雷克洞窟,3490,203377,0,5015306,2,26,4,6,7,0
一定要有一位巫妖汪。,|cFFFFD200掉落：|r无头骑士|n|cFFFFD200地区：|r血色修道院,3491,203463,406225,4878473,3,82,0,6,7,0
"如果说罗兰德让你明白了什么道理，那就是友谊自有代价。

那代价就是奶酪，大堆大堆的奶酪。",|cFFFFD200成就：|r奶酪之赐|n|cFFFFD200类型：|r烹饪,3493,204036,407492,515993,4,82,5,6,7,0
形如营火，但喜欢被抓抓挠挠。,|cFFFFD200掉落：|r菲莱克突袭,3511,204217,407918,4952368,6,2,0,6,7,0
在找到最般配的柴火前，安博瑞的心中从未点燃过火花。,|cFFFFD200掉落：|r菲莱克突袭,3512,204221,407921,4952370,6,2,0,6,7,0
其他青蛙喜欢玩，这只青蛙有点烦。,,3513,204222,407926,4879734,8,16386,-1,6,7,0
一身绿色……并不容易。,,3514,204224,407930,4879735,8,16386,-1,6,7,0
阿努纳具有独特的色彩，因为它只吃橙色的蜻蜓。,|cFFFFD200任务：|r附鳞宠物|n|cFFFFD200地区：|r瓦德拉肯,3515,204225,407932,4879736,8,82,1,6,7,0
猩红小龙蛙被认为是所有小龙蛙中最勤奋好学的，因为它们各个朱衣加身。,|cFFFFD200商人出售：|r丰收女巫塞莱斯廷|n|cFFFFD200地区：|r觉醒海岸|n|cFFFFD200地区：|r欧恩哈拉平原|n|cFFFFD200地区：|r碧蓝林海|n|cFFFFD200地区：|r索德拉苏斯|n|cFFFFD200价格：|r250|Hitem:207026|h|TInterface\ICONS\INV_Enchant_DustStrange.blp:0|t|h,3516,204226,407933,4879737,8,2,2,6,7,0
三年前，这只小龙蛙还是个成熟的大人呢。,,3517,204227,407935,4879738,8,16386,-1,6,7,0
在安德麦落成的早年时期，这里曾经栖息着大量的穴居燕子。如今，地精的建筑施工已经导致这些美丽的鸟儿濒临灭绝。,|cFFFFD200成就：|r安德麦猎人|n,3518,204237,407946,4870955,2,82,5,6,7,0
内如狂怒狱火，外是欢乐小狗。,|cFFFFD200成就：|r东部王国全谱系宠物斗士|n|cFFFFD200分类：|r对战,3519,204240,407955,5041427,6,210,5,6,7,0
想想捕食这些虫子的鸟该有多大。,,3520,204261,408023,3995639,2,16386,-1,6,7,0
只要派对上有虾，斯坦特利领主总会盛装出席，提前到场。,|cFFFFD200地区：|r查拉雷克洞窟,3521,204263,408027,5008076,6,2,0,6,7,0
其实没那么凶残，但确实非常“虾”人。,,3522,204266,408032,5008077,6,16386,-1,6,7,0
因为最喜欢吃奶酪，所以就取了这个名。,|cFFFFD200商人出售：|r丰收女巫塞莱斯廷|n|cFFFFD200地区：|r觉醒海岸|n|cFFFFD200地区：|r欧恩哈拉平原|n|cFFFFD200地区：|r碧蓝林海|n|cFFFFD200地区：|r索德拉苏斯|n|cFFFFD200价格：|r250|Hitem:207026|h|TInterface\ICONS\INV_Enchant_DustStrange.blp:0|t|h,3523,204268,408036,5008078,6,2,2,6,7,0
幸好它吞的主要是宠物糕点。,|cFFFFD200掉落:|r研究员遇袭|n|cFFFFD200地区：|r查拉雷克洞窟|n,3524,204269,408039,5008079,6,2,0,6,7,0
有个术士在一次地狱火嘉年华中赢得了这个小家伙，不过它马上就长得很大，水缸也放不下了。,|cFFFFD200宠物对战：|r陨圣峪|n,3525,204271,408048,2921473,8,26,4,6,7,0
和奈萨里奥一样，这条鱼听着上古之神的低语，最后发了狂。,|cFFFFD200任务：|r拨转鳞局|n|cFFFFD200地区：|r盘卷蛇岛,3526,269295,1303722,2921025,8,16386,1,6,7,0
怎么才能在虚空中游泳呢？这家伙知道，但就是不说。,,3527,204276,408063,2921474,8,16386,-1,6,7,0
这类甲虫以龙鳞为食。其鲜艳的色彩会恐吓捕食者，令其不敢攻击。,|cFFFFD200商人出售：|r哈洛维·玛尔|n|cFFFFD200地区：|r查拉雷克洞窟|n|cFFFFD200价格：|r200|Hcurrency:2003|h|TInterface\ICONS\INV_Faction_WarResources.BLP:0|t|h|n,3528,204286,408081,5008154,4,18,2,6,7,0
如果香蕉生长在洞穴里，就会变成兰戈最喜欢的食物。,|cFFFFD200商人出售：|r哈洛维·玛尔|n|cFFFFD200地区：|r查拉雷克洞窟|n|cFFFFD200价格：|r150|Hcurrency:2003|h|TInterface\ICONS\INV_Faction_WarResources.BLP:0|t|h,3529,204288,408088,5008157,4,18,2,6,7,0
米罗赫喜欢打盹，还有点心。,|cFFFFD200商人出售：|r探险家贝泽尔特|n|cFFFFD200地区：|r查拉雷克洞窟|n|cFFFFD200价格：|r2500|Hitem:163036|h|TInterface\ICONS\INV_Currency_PetBattle.BLP:0|t|h|n|n|cFFFFD200商人出售： |r帕丘|n|cFFFFD200地区：|r碧蓝林海|n|cFFFFD200价格：|r2500|Hitem:163036|h|TInterface\ICONS\INV_Currency_PetBattle.BLP:0|t|h,3530,204293,408100,5008008,7,2,2,6,7,0
锈毛强而有力的鼻子能够在干草堆里嗅出一根针来。,,3531,204295,408106,5008010,7,16386,-1,6,7,0
阿玛多心胸宽广，乐于助人，尤其喜欢帮助孩子和长者。它还特别喜欢揉肚皮。,,3532,204296,408108,5008012,7,16386,-1,6,7,0
虽说只是一块石头，它能举起多少分量？,|cFFFFD200宝藏：|r丰盛收获宝箱|n|cFFFFD200地区：|r查拉雷克洞窟,3533,204303,408110,1322283,6,2,0,6,7,0
想当年，杰瑞是一只普普通通的岩石鼠。现如今，它还是那样。,,3534,204305,408130,4616693,4,16386,-1,6,7,0
这些蜗牛深受许多卓格巴尔赛蜗牛者的珍视，因为它们行动迅速，造型拉风。,|cFFFFD200商人出售：|r萨克拉特罗斯|n|cFFFFD200地区：|r查拉雷克洞窟|n|cFFFFD200价格：|r50|Hitem:204727|h|TInterface\ICONS\INV_Misc_CuriousCoin.BLP:0|t|h,3535,204320,408150,5003559,4,2,2,6,7,0
虽然不如查拉雷克洞窟里许多别的蜗牛跑得快，但阿羞凭借纯粹的力量弥补了这一点。,|cFFFFD200任务：|r终点冲刺|n|cFFFFD200地区：|r查拉雷克洞窟,3536,204321,408153,5003563,4,82,1,6,7,0
大家都知道它喜欢把钱藏在壳里。,|cFFFFD200商人出售：|r庞佐|n|cFFFFD200地区：|r查拉雷克洞窟|n|cFFFFD200价格：|r45|Hitem:205188|h|TInterface\ICONS\INV_Stone_WeightStone_08.blp:0|t|h,3537,204323,408158,5003560,4,2,2,6,7,0
层层包裹的岩石皮肤令小诡坚不可摧。,|cFFFFD200任务：|r终点冲刺|n|cFFFFD200地区：|r查拉雷克洞窟,3538,204324,408161,5003564,4,82,1,6,7,0
玫色之壳以凶悍著称，但行动并不敏捷。如果你惹恼了一只，准备在大约五秒后被啃上一口吧。,,3539,204325,408163,5003561,4,16386,-1,6,7,0
集漂亮和恶心于一身，甚是诡异。,|cFFFFD200任务：|r终点冲刺|n|cFFFFD200地区：|r查拉雷克洞窟,3540,204326,408165,5003563,4,82,1,6,7,0
对岩石生物来说，它飞得很是轻松。,|cFFFFD200掉落：|r考布洛克|n|cFFFFD200地区：|r查拉雷克洞窟,3541,204339,408251,5009625,6,2,0,6,7,0
这种小祸害以其暴躁的性情著称，喜欢栖息在安德麦的烟囱里，令当地人不胜其扰。,|cFFFFD200商栈|r,3542,204340,408252,5009629,6,16386,11,6,7,0
这个生物一顿能吃下两倍于自身体重的食物。,|cFFFFD200宠物对战：|r多恩岛,3543,204341,408253,5009631,6,16386,4,6,7,0
它甚至懒得咀嚼。,|cFFFFD200宠物对战：|r多恩岛,3544,204342,408254,5009630,6,16386,4,6,7,0
或许你该看看它和蛇有多像！,|cFFFFD200宝藏: |r衔尾蛇石板和考布洛克的冷光之鳞|n,3545,204343,408257,5045822,5,82,0,6,7,0
斯加恩喜欢在你的背包里盘成一圈。,|cFFFFD200掉落：|r考布洛克|n|cFFFFD200地区：|r查拉雷克洞窟,3546,204345,408264,5015299,7,2,0,6,7,0
翡翠峭蝰最喜爱的食物是花椰菜。抱歉，其实是我编出来的。,|cFFFFD200宠物对战：|r喧鸣深窟|n,3547,204354,408265,5015300,7,26,4,6,7,0
小小的水塘里蕴含着大海之怒。,|cFFFFD200掉落：|r阿奎冯|n|cFFFFD200地区：|r查拉雷克洞窟,3548,204359,408308,5041294,6,2,0,6,7,0
有些飞蛾会被亮光吸引，而这种飞蛾则会被温暖，毛茸茸的感觉所吸引。有些人觉得，当人们感觉肚子里有蝴蝶在扑腾时，其实是指里面有觅心蛾。,|cFFFFD200世界事件：|r情人节|n|cFFFFD200价格：|r40 |Hitem:49927|h|TInterface\ICONS\INV_ValentinesCard01.BLP:0|t|h,3549,204360,408311,5015302,2,16386,6,6,7,0
地渊蛾被认为是艾泽拉斯最具智慧的飞蛾之一，但这并说明不了什么。,|cFFFFD200宠物对战：|r艾基-卡赫特|n,3550,204361,408314,5015303,2,26,4,6,7,0
虽然有着这样的名字，但这些飞蛾其实很开心。,|cFFFFD200掉落：|r幽光女王|n|cFFFFD200地区：|r查拉雷克洞窟,3551,204363,408317,5015307,2,2,0,6,7,0
在灌木丛中打盹的时候，它的龅牙偶尔会勾住叶子。,|cFFFFD200任务：|r绿色注能小机器|n|cFFFFD200地区：|r翡翠梦境,3552,201008,408323,4719555,1,2,1,6,7,0
这头雏龙获得阿达曼茜雅的黑檀之力的强化后，已经鼓起勇气，可以面对任何挑战。,|cFFFFD200任务：|r巨龙增辉|n,3553,204367,408325,4719553,1,16402,1,6,7,0
塞纳迦随时都能品尝魔网水晶。,,3554,204368,408328,4719554,1,16386,-1,6,7,0
阿克赛尔喜欢追逐蜜蜂，谁都说不出个理由来。,|cFFFFD200成就: |r小雏龙最可爱了|n|cFFFFD200类别：|r收集,3555,204369,408330,4719556,1,16464,5,6,7,0
克罗莫斯经常在沙盒里打瞌睡。,,3556,204370,408332,4719557,1,16386,-1,6,7,0
不管遇到何种困境，洛吉都永不放弃。,|cFFFFD200成就：|r稳扎稳打才能赢得比赛|n|cFFFFD200类型：|r巨龙群岛,3557,204621,408949,5003559,4,82,5,6,7,0
,,3558,204692,0,5008011,7,32,-1,6,7,0
,,3559,204694,0,5008076,6,32,-1,6,7,0
,,3560,204695,0,5009627,2,32,-1,6,7,0
,,3565,204795,0,4007138,2,32,-1,6,7,0
,,3566,204796,0,4007141,2,32,-1,6,7,0
,,3567,204797,0,3851477,2,32,-1,6,7,0
,,3568,204929,0,5015303,2,32,-1,6,7,0
,,3569,204930,0,4952368,6,32,-1,6,7,0
,,3570,204933,0,4879733,8,32,-1,6,7,0
,,3571,204936,0,538447,5,32,-1,6,7,0
,,3572,204938,0,5003559,4,32,-1,6,7,0
,,3573,204939,0,5003562,4,32,-1,6,7,0
纽西在巨龙群岛各地送信。她又快又可靠，所以信上有些小孔也无所谓。,|cFFFFD200任务: |r签字，封装，自行投递,3578,205359,411110,5003562,4,82,1,6,7,0
鱼瑟拉号称鲟梦者，在鲱翠梦境沉睡了许多年。,|cFFFFD200特殊|r,3579,205467,411448,4755147,0,82,7,6,7,0
咩列号称谎言之王，是欺诈大师。,|cFFFFD200特殊：|r贪婪的特使,3580,205637,411791,5159899,5,16466,7,6,7,0
全新的传承散发出光芒，映照出你铸就的道路。,|cFFFFD200宝藏:|r任性的纳兹乌罗微粒|n,3581,205649,411800,5098442,6,210,10,6,7,0
布拉布的心总是向往着她的水缸外的世界，而当她的整个身体也长得太大时，她也必须去寻找新家了。幸好，现在她可以和你一起旅行，欣赏大千世界的奇景！,|cFFFFD200商栈|r|n,3582,205795,412389,4777763,8,82,11,6,7,0
,,3587,206907,0,4048813,9,32,-1,6,7,0
硬邦邦的，非常可靠，随时都准备好进行激烈的战斗，或者温柔地细语。,|cFFFFD200任务: |r敦实的宠物|n|cFFFFD200地区：|r瓦德拉肯,3588,207064,375090,4554457,6,82,1,6,7,0
鲁西欧纳如今充满了勇气，可以陪你外出冒险了！全艾泽拉斯没人能阻止她！就连鸭子都不行！,|cFFFFD200任务: |r水禽恐惧症|n|cFFFFD200地区：|r瓦德拉肯,3589,207176,414377,4572399,1,146,1,41,7,0
你上次见到她以后，贝拉已经谦虚了很多，现在她大概不会对你太过颐指气使。,|cFFFFD200任务: |r耐心，耐心点|n|cFFFFD200地区：|r瓦德拉肯,3590,207220,414428,4572404,1,146,1,6,7,0
在时光中静滞漂浮了一万年，自然有大把的时间来编排段子。,|cFFFFD200任务：|r让时间之火净化一切！,3596,207310,414533,4952382,6,18,0,6,7,0
沃库因斯塔萨公主想告诉你，她感谢你来参加她的生日聚会，但你的礼物让她略感失望。,|cFFFFD200任务：|r尊贵之宠|n|cFFFFD200地区：|r瓦德拉肯,3597,207535,414934,4218751,7,82,1,6,7,0
祖萨现在不会一打喷嚏就穿越时空了，所以他也准备好陪你一起在未来的日子里进行冒险了！或者在过去的日子里冒险！又或者还是去未来好了！,|cFFFFD200任务: |r时空免疫|n|cFFFFD200地区：|r瓦德拉肯,3598,207552,414962,4572401,1,146,1,6,7,0
扎勒兹很期待陪你一起冒险。他已经列了个想带的书单，但拉斯塔克说只能带两本。,|cFFFFD200任务: |r视觉并非一切|n|cFFFFD200地区：|r瓦德拉肯,3599,207556,414973,4572400,1,146,1,6,7,0
帕里布留斯是本很棒的书，因为里面写满了奥术知识，另外也是因为它的前任主人在页脚涂写了各种馅饼食谱。,|cFFFFD200任务：|r学究之宠|n|cFFFFD200地区：|r瓦德拉肯,3600,207558,414979,4624734,5,82,1,6,7,0
一想到和你一起冒险，波西得利斯就很激动，但还是先让它打个盹好了？,|cFFFFD200任务: |r休眠|n|cFFFFD200地区：|r瓦德拉肯,3601,207568,414991,4572402,1,146,1,6,7,0
索姆尼乌斯有一种传奇般的能力，它在什么情况下都可以睡着，除了晚饭。,|cFFFFD200任务：|r助眠宠物|n|cFFFFD200地区：|r瓦德拉肯,3602,207571,414994,4532351,7,82,1,6,7,0
,,3608,208034,0,1738682,9,32,-1,6,7,0
,,3609,208058,0,133938,6,32,-1,6,7,0
,,3975,208096,0,3860422,2,32,-1,6,7,0
,,4237,208125,0,1357812,4,32,-1,6,7,0
这些天界之相很少有人看到，因为狐龙的速度实在太快了。如果有一只跟随在你身边，那一定是个好兆头。,|cFFFFD200商栈|r|n,4253,208436,417464,5238769,2,16466,7,6,7,0
喜欢：西兰花、嬉闹和撞碎东西。讨厌：肉、睡觉和刻薄的泰坦守护者，他们不让你把东西撞碎。,|cFFFFD200掉落：|r时光裂隙|n|cFFFFD200商人出售：|r索罗缇丝|n|cFFFFD200地区：|r提尔要塞水库|n|cFFFFD200价格：|r2750|Hcurrency:2594|h|TInterface\ICONS\TimelessCoin_yellow.BLP:0|t|h,4255,208624,418029,5242418,7,2,6,6,7,0
古饵丹通过饮用恶魔之血获得了强大的力量。恶魔之血还会把饮用者的鳞片变成绿色，但他的鳞片本来就是绿的。,|cFFFFD200掉落：|r时光裂隙|n|cFFFFD200商人出售：|r芬利·莫格顿爵士|n|cFFFFD200地区：|r提尔要塞水库|n|cFFFFD200价格：|r2750|Hcurrency:2594|h|TInterface\ICONS\TimelessCoin_yellow.BLP:0|t|h,4257,208630,418036,5168681,0,2,6,707,713,0
它的眼睛目睹了无法言喻的恐惧之事，而它的獠牙则是其中几件事的始作俑者。,|cFFFFD200掉落：|r时光裂隙|n|cFFFFD200商人出售：|r供给官寇拉|n|cFFFFD200地区：|r提尔要塞水库|n|cFFFFD200价格：|r2750|Hcurrency:2594|h|TInterface\ICONS\TimelessCoin_yellow.BLP:0|t|h,4258,208631,418038,5242523,2,2,6,6,7,0
他看着很生气，但也可能只是饿了。,|cFFFFD200掉落：|r时光裂隙|n|cFFFFD200商人出售：|r法莱拉·夜歌|n|cFFFFD200地区：|r提尔要塞水库|n|cFFFFD200价格：|r2750|Hcurrency:2594|h|TInterface\ICONS\TimelessCoin_yellow.BLP:0|t|h,4259,208634,418039,5157541,5,2,6,6,7,0
残次品，拒绝杀戮。标记为立即销毁或贩卖给次级智能个体。,|cFFFFD200掉落：|r时光裂隙|n|cFFFFD200商人出售：|r“金刚钻”吉尔|n|cFFFFD200地区：|r提尔要塞水库|n|cFFFFD200价格：|r2750|Hcurrency:2594|h|TInterface\ICONS\TimelessCoin_yellow.BLP:0|t|h,4260,208636,418041,5242530,9,2,6,254,7,0
这个痴迷于战争的世界将她转变成了一件武器……但他们无法击溃她的精神。,|cFFFFD200掉落：|r时光裂隙|n|cFFFFD200商人出售：|r护卫科里吉克|n|cFFFFD200地区：|r提尔要塞水库|n|cFFFFD200价格：|r2750|Hcurrency:2594|h|TInterface\ICONS\TimelessCoin_yellow.BLP:0|t|h,4261,208637,418045,5194264,1,2,6,6,7,0
一辈子都在侍奉阿努巴拉克，然后是巫妖王，然后是……你！,|cFFFFD200掉落：|r时光裂隙|n|cFFFFD200商人出售：|r斯利文男爵|n|cFFFFD200地区：|r提尔要塞水库|n|cFFFFD200价格：|r2750|Hcurrency:2594|h|TInterface\ICONS\TimelessCoin_yellow.BLP:0|t|h,4262,208639,418050,237410,5,2,6,6,7,0
托比亚斯的鼻子擅长嗅出秘密，它喜欢呆在神探身边。,|cFFFFD200成就：|r社区流言簿|n|cFFFFD200事件：|r艾泽拉斯之秘,4263,208643,418079,5279605,7,82,0,6,7,0
有了菲尔恩在你身边，你就不会再被人说是“叶”公好龙了。,|cFFFFD200游戏商城|r,4264,209163,419467,5003505,1,16466,9,6,7,0
感觉到了吗？有寒霜在啃你的脚趾！艾泽拉斯的捣蛋鬼换上了节日的蓝色，而且尺寸也便于在旅行时携带！,|cFFFFD200成就：|r魔兽世界十九周年|n|cFFFFD200类别：|r游戏活动,4265,209259,419773,5260512,1,16466,5,6,7,0
虽然这个小家伙的飞行训练还没完成，但玩闹和冲动的劲头已经跟成体无异了。,|cFFFFD200特殊：|r“地心之战”史诗版|n,4266,209681,420759,5333904,2,82,7,6,7,0
身为外域领主的子嗣，玛格兹继承了他们家族对暴力和权欲的渴望，只不过他更想在宠物界“吃”得开一些。,,4267,210058,421516,4891625,5,16466,-1,6,7,0
你第一眼注意到的是它那双水汪汪的大眼睛。但你已经犯下了巨大的错误。你本应该注意它锋锐的爪子。,|cFFFFD200宠物对战：|r翡翠梦境,4275,211110,0,2103796,7,26,4,6,7,0
别让它钻进你的背包，否则它会吃光你的食物，还会再打个盹。,|cFFFFD200宠物对战：|r翡翠梦境,4276,211177,429068,4748412,4,26,4,6,7,0
树液啮咬者总喜欢玩躲猫猫，而且喜欢边躲边叫。,|cFFFFD200宠物对战：|r翡翠梦境,4277,211182,429070,4883968,4,26,4,6,7,0
这只小家伙喜欢吃奶酪，但大多数小鹿都喜欢。,|cFFFFD200宠物对战：|r翡翠梦境,4278,211288,429064,3636845,4,26,4,6,7,0
这些小动物需要的睡眠时间很长，幸好冒险者的背包是绝佳的睡眠场所。,|cFFFFD200宠物对战：|r翡翠梦境,4279,211295,0,4899643,7,26,4,6,7,0
如果你觉得翡翠梦境的臭鼬已经够臭了，那你碰到翡翠梦魇的臭鼬时就自求多福吧。,|cFFFFD200宠物对战：|r翡翠梦境,4280,211302,0,4866713,4,26,4,6,7,0
敌人从头顶飞过来时，你只能“鸭”低身体。,|cFFFFD200成就：|r鸭鸭有序|n|cFFFFD200分类：|r巨龙时代团队副本,4285,211939,425454,1455891,8,82,5,743,7,0
光华在很小的时候就戴上魔法帽，拿上水晶法杖，展开了迈向未知的冒险之旅。,|cFFFFD200商栈|r|n,4286,211942,425472,5211620,5,16466,7,6,7,0
你的梦中情鸭……或者其实是别人梦里的。,|cFFFFD200商人出售：|r艾莉阿娜|n|cFFFFD200地区：|r翡翠梦境|n|cFFFFD200价格：|r1|Hcurrency:2777|h|TInterface\ICONS\INV_Legion_Faction_DreamWeavers.BLP:0|t|h,4287,212192,426037,3953210,5,2,2,6,7,0
如果你在翡翠梦境的户外举行宴会，记得要留意野生的蓝路，蓝路不会偷走你的野餐篮，但它会礼貌地请你喂它几块点心。,|cFFFFD200成就：|r覆羽之交|n,4288,212206,426060,2103797,5,82,5,6,7,0
跟成年梦裔甲虫比，这算是“两爱相权取其轻”。,|cFFFFD200商人出售：|r艾莉阿娜|n|cFFFFD200地区：|r翡翠梦境|n|cFFFFD200价格：|r1|Hcurrency:2777|h|TInterface\ICONS\INV_Legion_Faction_DreamWeavers.BLP:0|t|h,4289,212267,426137,5008153,5,2,2,6,7,0
一定要在你的枕头下面放点鲜草，这样即使你已经入梦，也可以给这只小动物提供点心。,|cFFFFD200商人出售：|r艾莉阿娜|n|cFFFFD200地区：|r翡翠梦境|n|cFFFFD200价格：|r1|Hcurrency:2777|h|TInterface\ICONS\INV_Legion_Faction_DreamWeavers.BLP:0|t|h|n,4290,212273,426148,3636844,5,2,2,6,7,0
你从拉罗达尔手上把它救出来以后，这只心怀感激的小母鹿就一直在四处跟着你跑。,|cFFFFD200成就：|r出门时记得看看鹿|n,4291,212275,426156,5095682,4,82,5,6,7,0
据说有些动物的梦是黑白的，而这只动物的梦里只有绿色。,|cFFFFD200商人出售：|r艾莉阿娜|n|cFFFFD200地区：|r翡翠梦境|n|cFFFFD200价格：|r1|Hcurrency:2777|h|TInterface\ICONS\INV_Legion_Faction_DreamWeavers.BLP:0|t|h,4292,212315,426168,132130,5,2,2,6,7,0
这只生物打的瞌睡可以一直持续到下一次大灾变。,|cFFFFD200商人出售：|r塔莉莎·喃花|n|cFFFFD200地区：|r翡翠梦境|n|cFFFFD200价格：|r1|Hitem:211376|h|TInterface\ICONS\INV_Misc_TrailofFlowers.blp:0|t|h,4295,212328,426187,4748414,4,2,2,6,7,0
曾经有人让小瞌在永恒的美丽雪原和有宠物零食的温暖家园里做出选择。我们都知道它选了什么。,|cFFFFD200商人出售：|r西尔维娅·喃花|n|cFFFFD200地区：|r翡翠梦境|n|cFFFFD200价格：|r1|Hitem:211376|h|TInterface\ICONS\INV_Misc_TrailofFlowers.blp:0|t|h|n|n|cFFFFD200商人出售：|r塔莉莎·喃花|n|cFFFFD200地区：|r翡翠梦境|n|cFFFFD200价格：|r1|Hitem:211376|h|TInterface\ICONS\INV_Misc_TrailofFlowers.blp:0|t|h,4296,212329,426193,4748413,4,2,2,6,7,0
这只幼年精灵龙是从袭击翡翠梦境的烈焰德鲁伊手上救下来的，它已经喜欢上你了——还有你的食物。千万别把点心放在无人看管的地方！,|cFFFFD200任务：|r燃烧殆尽|n|cFFFFD200地区：|r翡翠梦境,4297,212399,426319,3071791,1,82,1,6,7,0
小籽会在翡翠梦境的植物下面掘洞，并且啃食它们的根系。,|cFFFFD200商人出售：|r西尔维娅·喃花|n|cFFFFD200地区：|r翡翠梦境|n|cFFFFD200价格：|r1|Hitem:211376|h|TInterface\ICONS\INV_Misc_TrailofFlowers.blp:0|t|h|n|n|cFFFFD200商人出售：|r塔莉莎·喃花|n|cFFFFD200地区：|r翡翠梦境|n|cFFFFD200价格：|r1|Hitem:211376|h|TInterface\ICONS\INV_Misc_TrailofFlowers.blp:0|t|h,4298,212408,426343,4883967,4,2,2,6,7,0
小埃会在巨树的根系之间游荡，寻找吃剩的食物。,|cFFFFD200商人出售：|r塔莉莎·喃花|n|cFFFFD200地区：|r翡翠梦境|n|cFFFFD200价格：|r1|Hitem:211376|h|TInterface\ICONS\INV_Misc_TrailofFlowers.blp:0|t|h,4299,212413,426355,4883970,4,2,2,6,7,0
梦下去。直到美梦成真！,|cFFFFD200商人出售：|r艾莉阿娜|n|cFFFFD200地区：|r翡翠梦境|n|cFFFFD200价格：|r1|Hcurrency:2777|h|TInterface\ICONS\INV_Legion_Faction_DreamWeavers.BLP:0|t|h|n,4300,212417,426357,4883966,4,2,2,6,7,0
这些生物生活在灌木丛和树旁，但它们睡得太熟了，几乎没法看到。如果你想打断它们的美梦，最好叫上些朋友。,|cFFFFD200宠物对战：|r翡翠梦境,4302,212437,0,4899644,7,26,4,6,7,0
看看这颗牙，这突起的样子。,|cFFFFD200宠物对战：|r翡翠梦境,4303,212459,0,2103794,7,26,4,6,7,0
棕色的梦境獾很罕见，但它们的气味就……,|cFFFFD200宠物对战：|r翡翠梦境,4304,212557,0,4866714,4,26,4,6,7,0
大鼻拥有超自然的嗅觉，不是比普通动物的嗅觉更敏锐，而是真正的超自然能力。,|cFFFFD200商人出售：|r西尔维娅·喃花|n|cFFFFD200地区：|r翡翠梦境|n|cFFFFD200价格：|r1|Hitem:211376|h|TInterface\ICONS\INV_Misc_TrailofFlowers.blp:0|t|h|n|n|cFFFFD200商人出售：|r塔莉莎·喃花|n|cFFFFD200地区：|r翡翠梦境|n|cFFFFD200价格：|r1|Hitem:211376|h|TInterface\ICONS\INV_Misc_TrailofFlowers.blp:0|t|h,4305,212562,426539,4899641,5,2,2,6,7,0
有一次，埃尔默独吞了一整个蛋糕，而且那蛋糕还不是给他的。,"|cFFFFD200商人出售：|r西尔维娅·喃花
|cFFFFD200地区：|r翡翠梦境
|cFFFFD200价格：|r1|Hitem:211376|h|TInterface\ICONS\INV_Misc_TrailofFlowers.blp:0|t|h

|cFFFFD200商人出售：|r塔莉莎·喃花
|cFFFFD200地区：|r翡翠梦境
|cFFFFD200价格：|r1|Hitem:211376|h|TInterface\ICONS\INV_Misc_TrailofFlowers.blp:0|t|h",4306,212567,426540,4899642,5,2,2,6,7,0
杉杉虽然跑得不快，但她的倔强足以弥补这一点。,|cFFFFD200商人出售：|r月之女祭司娜萨拉|n|cFFFFD200地区：|r翡翠梦境|n|cFFFFD200价格：|r375|Hcurrency:2003|h|TInterface\ICONS\INV_Faction_WarResources.BLP:0|t|h,4307,212569,426544,3636843,4,2,2,6,7,0
桧桧的独特花纹使其很难在翡翠梦境的苍翠植被里逃离捕食者的视线。所以她做出了明智的决定：跟你一起旅行。,|cFFFFD200商人出售：|r月之女祭司娜萨拉|n|cFFFFD200地区：|r翡翠梦境|n|cFFFFD200价格：|r375|Hcurrency:2003|h|TInterface\ICONS\INV_Faction_WarResources.BLP:0|t|h,4308,212570,426545,3636846,4,2,2,6,7,0
这是个蜗牛？还是个梦？还是个沉睡的蜗牛的梦？,|cFFFFD200商人出售：|r艾莉阿娜|n|cFFFFD200地区：|r翡翠梦境|n|cFFFFD200价格：|r1|Hcurrency:2777|h|TInterface\ICONS\INV_Legion_Faction_DreamWeavers.BLP:0|t|h,4309,212877,427044,1396974,5,2,2,6,7,0
双足飞龙幼崽天生嗜睡，但它们的梦就未必了。,|cFFFFD200商人出售：|r艾莉阿娜|n|cFFFFD200地区：|r翡翠梦境|n|cFFFFD200价格：|r1|Hitem:210776|h|TInterface\ICONS\10_2_RaidAbility_Green.BLP:0|t|h,4310,212954,427104,4630421,5,2,2,6,7,0
米特吉长大后想跟她大名鼎鼎的爸爸梅森一样引领冬天爷爷的雪橇，但在此之前，她更乐意陪你一起冒险。,|cFFFFD200商栈|r,4311,213111,427289,1339669,4,16466,7,6,7,0
告诉他们，我是自由的。我没有受到父亲疯狂的影响，也不会成为红龙的囚徒。别来打扰我：这是我第一次也是唯一的警告。——拉希奥,|cFFFFD200特殊|r,4316,213407,427682,5210737,1,16466,7,6,7,0
提伊勒的祖辈告诉它，是它们这群老鼠发现了艾泽拉斯。它们同时也是谎话精。,|cFFFFD200商栈|r,4402,214286,429423,4616694,4,16466,7,6,7,0
萨齐一般喜欢跟哈斯·石酒在一起，或者在酒馆里把对手打得落花流水，除此以外，它也喜欢偷偷藏到歇脚的冒险者的背包里。,|cFFFFD200特殊：|r“炉石传说”10周年|n,4406,216179,432486,5502861,4,16466,7,6,7,0
成年的瓢虫会飞，但内勒太小了，还飞不起来。但可以围着你转她也很开心。,|cFFFFD200商栈|r,4407,216345,432844,5505320,4,16466,7,6,7,0
农夫经常放出瓢虫来对付糟蹋庄稼的害虫。巴格西干这个特别擅长，所以她决定深耕这一领域。,|cFFFFD200商栈|r,4408,216379,432888,5505319,4,16466,7,6,7,0
春天出生的小鸭子什么颜色都有，但最受追捧的还是粉色的。人们对这一现象提出了很多理论，但很可能就是因为粉色很棒。,|cFFFFD200世界事件：|r复活节,4409,215565,433085,5456184,8,2,6,6,7,0
黄色的瓢虫经常被误认为是其他的黄色昆虫。这件事在比特里兹身上发生得特别频繁，她也不明白为什么。,|cFFFFD200特殊|r,4410,216455,433098,5505321,4,16466,7,6,7,0
即使是尼罗宾这样一个自称为“绝顶聪明的天才”的人，也无法否认自己的奥术造物实在是太可爱了。,|cFFFFD200成就：|r还有一件事,4411,216930,433791,4528781,5,82,5,6,7,0
艾泽拉斯档案员里最高傲自大的人居然也会忍不住创造如此可爱的奥术魔宠，实在是令人有些疑惑。也许尼罗宾的心里也有柔软的一面……,|cFFFFD200成就：|r终于……安息,4412,216933,433802,4093847,5,82,5,6,7,0
因为春节是跃月最喜欢的节日，所以她会穿上节庆的服装，一次穿一年。,|cFFFFD200游戏商城|r,4421,217530,434792,4680677,5,82,9,6,7,0
格拉姆洛克在你满载而归的某次劫掠之后，悄悄跟着你一起上了船。它觉得你的寻宝本事特别熟练。,|cFFFFD200特殊事件：|r霸业风暴,4425,218647,437601,5559624,8,16466,0,6,7,0
这些气泡是从哪来的？又是用什么构成的？也许，某些秘密还是不要揭开为好。,|cFFFFD200特殊事件：|r霸业风暴,4426,218646,437600,2027924,8,18514,0,6,7,0
它似乎不知道自己在哪，但还是很高兴能陪着你！,|cFFFFD200特殊事件：|r霸业风暴,4435,218977,438543,237309,8,16594,0,6,7,0
博奇眼睛里的针不是因为时髦才扎的，但他只能忍着了。,|cFFFFD200商栈|r|n,4436,219134,438775,5206188,5,16466,7,6,7,0
它劫掠的战利品沉甸甸的，压得自己走路都难。虽然本可以和别人分担这份重担，但它实在是很“紫”私。,|cFFFFD200特殊|r |n,4437,218060,439994,5559623,8,16466,7,6,7,0
河爪豺狼人既顽强又可怕，会毫不犹豫地消灭弱小的敌人。,|cFFFFD200商人出售：|r怀念者阿穆尔|n|cFFFFD200地区：|r达拉然|n|cFFFFD200价格：|r10000|Hcurrency:3089|h|TInterface\ICONS\Spell_Azerite_Essence_15.BLP:0|t|h|n|n|cFFFFD200商人出售：|r公爵之忆|n|cFFFFD200地区：|r灼热峡谷|n|cFFFFD200价格：|r10000|Hcurrency:3089|h|TInterface\ICONS\Spell_Azerite_Essence_15.BLP:0|t|h,4450,220420,441643,134163,5,82,2,6,7,0
凭借圣光魔法和一腔思念之情，用落败怪物的零碎残骸制成。,|cFFFFD200商人出售：|r怀念者阿穆尔|n|cFFFFD200地区：|r达拉然|n|cFFFFD200价格：|r10000|Hcurrency:3089|h|TInterface\ICONS\Spell_Azerite_Essence_15.BLP:0|t|h|n|n|cFFFFD200商人出售：|r白银之手的回响|n|cFFFFD200地区：|r龙骨荒野|n|cFFFFD200价格：|r10000|Hcurrency:3089|h|TInterface\ICONS\Spell_Azerite_Essence_15.BLP:0|t|h,4451,220675,442327,2492254,5,82,2,6,7,0
这是一段奥妮克希亚龙宝宝消逝的回忆，这条小龙决定要走出自己的路。,"|cFFFFD200商人出售：|r怀念者阿穆尔
|cFFFFD200地区：|r达拉然
|cFFFFD200价格：|r10000|Hcurrency:3089|h|TInterface\ICONS\Spell_Azerite_Essence_15.BLP:0|t|h

|cFFFFD200商人出售：|r被遗忘的英雄
|cFFFFD200地区：|r尘泥沼泽
|cFFFFD200价格：|r10000|Hcurrency:3089|h|TInterface\ICONS\Spell_Azerite_Essence_15.BLP:0|t|h",4452,220680,442337,134154,5,82,2,6,7,0
嗷呜，那对须须是不是超可爱的？,|cFFFFD200商人出售：|r维斯特拉克|n|cFFFFD200地区：|r艾基-卡赫特|n|cFFFFD200价格：|r2250|Hcurrency:3056|h|TInterface\ICONS\INV_10_Tailoring_SilkRare_Color3.BLP:0|t|h,4455,222046,446820,5688871,7,2,2,6,7,0
许多蛛形生物在孵化之后就只能自生自灭。这是蜘蛛疗法中的常见的话题。,|cFFFFD200宠物对战：|r艾基-卡赫特、千丝之城、陨圣峪、影脉采掘场、喧鸣深窟|n,4456,222066,445486,5688871,7,26,4,6,7,0
粗实的掘地利爪使蜘蛛能够在地底下来去自由。但这样的生活着实无趣。,|cFFFFD200宠物对战：|r艾基-卡赫特、千丝之城、陨圣峪、影脉采掘场、喧鸣深窟,4457,222071,445450,5688871,7,26,4,6,7,0
对于这只年幼的小蜘蛛来说，从幼蛛蜕变成蜘蛛巨怪的那一日还很遥远。,|cFFFFD200Drop:|r |n,4458,222069,445488,5688871,7,34,0,6,7,0
总算抓住了一只盲眼的洞穴弹涂鱼。它绝望地弹了有二十分钟，随后发出了一声响嗝。真是个好伙伴！,,4459,222081,445493,5763493,8,82,-1,6,7,0
当他们告别阿拉希帝国，启程追寻帝皇的启示幻象之时，他们将这些丝羽鸡带上了飞艇。,|cFFFFD200宠物对战：|r陨圣峪,4460,222195,445803,2027866,2,26,4,6,7,0
在陨圣峪，暗影怪物和鱼脑袋人随处可见，散养的鸡很难得到精心的照料。,|cFFFFD200宠物对战：|r陨圣峪,4461,222194,445815,2027866,2,26,4,6,7,0
总有一天，沉重的脚步声和凶悍的咆哮声终将对得起它的名字。在那之前，雷霆依然是个娇小可爱、忠心耿耿的小家伙。,|cFFFFD200任务：|r尾巴的传说|n|cFFFFD200地区：|r陨圣峪,4462,222203,445822,5648285,7,18,1,6,7,0
遥远的阿拉希帝国的海岸是帝国山猫的故土。在那里，它们是帝国子民的凶悍同伴与忠实坐骑。,|cFFFFD200商人出售：|r奥拉莉亚·斯蒂泰克|n|cFFFFD200地区：|r陨圣峪|n|cFFFFD200价格：|r6500|Hcurrency:2815|h|TInterface\ICONS\SPELL_AZERITE_ESSENCE14.BLP:0|t|h,4463,222200,445823,5648286,7,2,2,6,7,0
看它的脚掌！好大的脚趾豆！那可不能用来吃啊！,|cFFFFD200商人出售：|r佩里芬|n|cFFFFD200地区：|r千丝之城|n|cFFFFD200价格：|r2250|Hcurrency:3056|h|TInterface\ICONS\INV_10_Tailoring_SilkRare_Color3.BLP:0|t|h,4464,222202,445824,5648283,7,2,2,6,7,0
这只被捧为掌上明珠的山猫坚定地支持那原汁原味的时代。,|cFFFFD200任务：|r解救托莫希|n|cFFFFD200地区：|r陨圣峪,4465,222201,445826,5648287,7,2,1,6,7,0
帝国山猫生性倔强、阴晴不定，但对与它们羁绊深厚的人无比忠诚。,|cFFFFD200世界事件：|r儿童周|n,4466,222204,445828,5648284,7,2,6,6,7,0
这只圣洁萤火虫的荧光能够涤去黑暗，对生活在陨圣峪的阿拉希人而言是个好兆头。,|cFFFFD200采集：|r陨圣峪火萤|n|cFFFFD200地区：|r陨圣峪,4467,222298,446004,5771176,2,18,0,6,7,0
哇啊，朋友，招呼都不打一声就在这儿嗡嗡叫了？,|cFFFFD200掉落：|r戈尔迪·底爵|n|cFFFFD200地区：|r燧酿酒庄,4469,222318,446024,2027853,2,2,0,6,7,0
它总有些心绪不宁……在脸庞附近时尤其焦躁。,|cFFFFD200宝藏：|r可怕的黑暗宝箱|n|cFFFFD200地区：|r喧鸣深窟,4470,222319,446027,5869499,8,2,0,6,7,0
乌贼并非章鱼，也不是幼稚的孩童，除非情况紧急，否则它们不会对旁人肆意泼墨。,|cFFFFD200宠物对战：|r艾基-卡赫特,4471,222325,446030,2101158,8,26,4,6,7,0
为迷失在黑暗中的人带去希望，自然就能获得应有的奖赏，比如可爱的青蛙伙伴。,|cFFFFD200宝藏：|r影根藤蔓|n|cFFFFD200地区：|r陨圣峪,4472,222326,446031,2399262,8,2,0,6,7,0
她会一直纺下去，这个技法很巧妙。,|cFFFFD200宝藏：|r受困的财宝|n|cFFFFD200地区：|r千丝之城,4473,222339,446046,5342948,3,2,0,6,7,0
他听见小小的心脏正被萌化，化得更快了！,,4474,222340,446047,5342947,3,16386,-1,6,7,0
蛛网球！现实之石！蛛网球！现实之石！,|cFFFFD200成就：|r诺森德全谱系宠物斗士|n|cFFFFD200分类：|r宠物对战|n|n,4475,222342,446048,5342949,3,82,5,6,7,0
虫子？不对，是一只友好的小蜘蛛！,|cFFFFD200商人出售：|r巢穴之母马恩提克|n|cFFFFD200地区：|r千丝之城|n|cFFFFD200价格：|r2250|Hcurrency:3056|h|TInterface\ICONS\INV_10_Tailoring_SilkRare_Color3.BLP:0|t|h,4476,222341,446049,5342950,3,2,2,6,7,0
这只不起眼的乌贼现在看起来甚是可爱，长大了却会成为船只的威胁。,|cFFFFD200宠物对战：|r艾基-卡赫特,4477,222344,446050,5869500,8,26,4,6,7,0
由于能够融解大部分物质，在靠近这种腐蚀性软泥时务必极度小心！,|cFFFFD200商人出售：|r|n,4478,222348,446055,3459797,5,34,2,6,7,0
如果你喜欢在夜里一脚踏上湿漉漉的东西，这就是你的梦中宠物了。,|cFFFFD200宠物对战：|r艾基-卡赫特,4480,222351,446057,3459800,5,26,4,6,7,0
如果拿到耳边，可以听到上古之神的低语声。就像海螺一样！,|cFFFFD200宠物对战：|r艾基-卡赫特,4481,222354,446058,3459799,5,26,4,6,7,0
早起的虫儿有鸟吃。,|cFFFFD200发现：|r卡兹阿加奇术|n,4482,222359,446059,3459801,5,2,10,6,7,0
黑血味甘，如同昔日之征，如同未来之战。,|cFFFFD200宠物对战：|r艾基-卡赫特,4483,222421,446115,1723705,4,26,4,6,7,0
大部分人只会觉得凝结之血倒胃口。可血虱嘛……,|cFFFFD200宠物对战：|r喧鸣深窟,4484,222420,446119,1723702,4,26,4,6,7,0
想象一下，你的速度很慢，慢到背上都生了苔藓。我可不想这样。,|cFFFFD200宠物对战：|r多恩岛,4485,222499,446247,5003559,4,26,4,6,7,0
,|cFFFFD200宠物对战：|r喧鸣深窟,4488,222535,0,387415,9,33824,4,6,7,0
啊，这些毛茸茸的小触肢难道不可爱吗？,|cFFFFD200掉落：|r蛛魔地下堡的沉重之箱,4489,222532,446434,5755546,7,2,0,6,7,0
以后当你坐在黑暗之中，感觉有东西刮擦着脚跟，就不用害怕了！是茸茸在陪你。,|cFFFFD200成就：|r卡兹阿加全谱系宠物斗士|n|cFFFFD200分类：|r对战,4490,222574,446435,5755548,7,82,5,6,7,0
我会跳，乔恩。我就是干这个的。,|cFFFFD200商人出售：|r维娜基安女士|n|cFFFFD200地区：|r艾基-卡赫特|n|cFFFFD200价格：|r2250|Hcurrency:3056|h|TInterface\ICONS\INV_10_Tailoring_SilkRare_Color3.BLP:0|t|h|n|n|cFFFFD200商人出售：|r伊泰基|n|cFFFFD200地区：|r艾基-卡赫特|n|cFFFFD200价格：|r2250|Hcurrency:3056|h|TInterface\ICONS\INV_10_Tailoring_SilkRare_Color3.BLP:0|t|h,4491,222575,446438,5755547,7,2,2,6,7,0
曾经有人把毛缘当成了一处艾泽里特矿脉，但年幼的它还记不清什么是艾泽里特。,|cFFFFD200商人出售：|r巢穴之母马恩提克|n|cFFFFD200地区：|r千丝之城|n|cFFFFD200价格：|r2250|Hcurrency:3056|h|TInterface\ICONS\INV_10_Tailoring_SilkRare_Color3.BLP:0|t|h,4492,222576,446440,5755549,7,2,2,6,7,0
它们得名于醒目的色彩，但这身颜色并不适合伪装。盲眼的小弹涂鱼才不在乎呢。,,4493,222080,446452,5763495,8,34,-1,6,7,0
看呐，蹦蹦能游泳，还能蹦跶着跑起来，真是完美的两栖动物。对不住啦，青蛙们。,|cFFFFD200商人出售：|r世界商人|n|cFFFFD200价格：|r50|Hitem:163036|h|TInterface\ICONS\INV_Currency_PetBattle.BLP:0|t|h,4495,222079,446463,5763497,8,2,2,6,7,0
狡猾的鱼不上钩，它是以一种截然不同的形式落网的。,|cFFFFD200掉落：|r蜃鱼人地下堡的沉重之箱|n,4496,222078,446464,5763494,8,2,0,6,7,0
蹒蹒遭到了其它洞穴弹涂鱼的排挤，穿越裂缝落入了地底，来到了哈籁恩达尔。它会寸步不离地跟着自己遇见的人们。,|cFFFFD200地区：|r哈籁恩达尔,4497,222077,446465,5763496,8,154,10,6,7,0
这些虫子在黑暗中难以辨别。许多冒险者将手指插进了不该插的地方，并因此吃尽了苦头。,|cFFFFD200宠物对战：|r艾基-卡赫特、千丝之城、陨圣峪、影脉采掘场、喧鸣深窟,4498,222582,446490,5659379,4,26,4,6,7,0
它们长大之后既是战兽又是驮兽，但现在这个体型只能祸及你的膝盖。,|cFFFFD200宠物对战：|r艾基-卡赫特、千丝之城、陨圣峪、影脉采掘场、喧鸣深窟,4499,222584,446492,5659381,4,26,4,6,7,0
小嚼骨喜欢你，就算你是虫子它也喜欢。你要真是虫子就更喜欢了。,|cFFFFD200成就：|r蠕虫理论|n|cFFFFD200分类：|r地心之战,4500,222583,446493,5659382,4,82,5,6,7,0
虽然块头和色泽都比不上声名远扬的近亲，但依然威力十足。,|cFFFFD200商人出售：|r|n,4502,222585,446491,5659380,4,34,2,6,7,0
蠕虫小课堂,,4503,222588,446496,1120721,7,16416,-1,6,7,0
蠕虫小课堂,,4504,222589,446497,1120721,7,16416,-1,6,7,0
蠕虫小课堂,,4505,222591,446499,1120721,7,16416,-1,6,7,0
危险的剧毒孢子？如果是紫色的呢？,|cFFFFD200掉落：|r真菌人地下堡的沉重之箱|n,4506,222590,446498,5789327,5,2,0,6,7,0
陨落的畸怪之血浸润了真菌孢子。,|cFFFFD200宠物对战：|r喧鸣深窟,4507,222592,446500,5789325,5,26,4,6,7,0
这类孢子经常把之前的主人炸得面目全非。或许你的运气会好一点。,|cFFFFD200商人出售：|r唯物的欧菲尼尔|n|cFFFFD200地区：|r暮光高地|n|cFFFFD200价格：|r30|Hcurrency:3319|h|TInterface\ICONS\INV12_Twilight_ Blade_Cultist_Insignia.BLP:0|t|h,4508,222593,446501,5789324,5,16402,2,6,7,0
蠕虫小课堂,,4509,222594,446502,1120721,7,16416,-1,6,7,0
那是鸟！那是飞机！不，要倒大霉了。快跑！,|cFFFFD200宠物对战：|r艾基-卡赫特、陨圣峪,4510,222608,446510,5162543,2,26,4,6,7,0
这个反派英雄的名字原创性不足，但肯定能来一场别开生面的跨界联动。,|cFFFFD200商人出售：|r世界商人|n|cFFFFD200价格：|r50|Hitem:163036|h|TInterface\ICONS\INV_Currency_PetBattle.BLP:0|t|h,4511,222607,446512,5162542,2,2,2,6,7,0
黑壳怪物在阴影中兴盛，在那里开动它所有的脑筋。,,4512,222609,446513,5162541,2,16386,-1,6,7,0
骨头也能“饮”的吗？不端正心态就不行！,|cFFFFD200宝藏：|r巢卵|n|cFFFFD200地区：|r艾基-卡赫特,4513,222606,446514,5162544,2,82,0,6,7,0
在黑暗中穿行的旅客将这只萤火虫的绿色荧光视为不祥之兆。,|cFFFFD200宠物对战：|r多恩诺嘉尔、陨圣峪、多恩岛、喧鸣深窟,4514,222613,446583,5771178,2,26,4,6,7,0
这些光虫的闪烁之光能够带来怪异反常的镇静效果，旅行者和掠食者都无法避免。,|cFFFFD200宠物对战：|r艾基-卡赫特、千丝之城、陨圣峪、影脉采掘场、喧鸣深窟,4515,222614,446584,5771177,2,26,4,6,7,0
虽然经常将它们的光芒错当成剧毒物质或暗黑魔法的闪光，但蛛魔和阿拉希人都认为这种昆虫的美丽令人难忘。,|cFFFFD200宠物对战：|r艾基-卡赫特、千丝之城、陨圣峪、影脉采掘场、喧鸣深窟,4516,222615,446585,5771179,2,26,4,6,7,0
梦想和愿望孕育了奇迹，苏醒的蜡芯从狗头人的脑袋上爬了下来，开始追寻自己的道路。,|cFFFFD200成就：|r卡兹阿加猎人|n,4517,222711,446734,5757162,6,82,5,6,7,0
住宅为木制建筑时，请勿在室内饲养。,|cFFFFD200宠物对战：|r多恩诺嘉尔、喧鸣深窟,4518,222713,446744,3996704,6,26,4,6,7,0
当心！它直奔我们来了！越来越近了！,,4519,222714,446750,3996703,6,16386,-1,6,7,0
无尽之海的深渊里潜伏着奇异的汪洋恐魔。但这家伙不是，这家伙绝对正常。,|cFFFFD200任务：|r重归大海|n|cFFFFD200地区：|r陨圣峪,4520,222717,446755,2763645,8,2,1,6,7,0
这种生物主要在地下出没，其中一些喜欢地表的生活。但那部分就和我没关系了。,|cFFFFD200宠物对战：|r艾基-卡赫特、千丝之城、陨圣峪、多恩岛、喧鸣深窟,4521,222736,446767,2399261,8,26,4,6,7,0
穴居蛙的蛙鸣声在洞窟中此起彼伏，听上去如同……散乱的音乐？,|cFFFFD200宠物对战：|r艾基-卡赫特、千丝之城、深炉魔像厂、陨圣峪、多恩岛、喧鸣深窟,4522,222739,446768,2399263,8,26,4,6,7,0
色泽鲜艳意味着不要去碰。红色就是大自然的警示灯！,|cFFFFD200商人出售：|r世界商人|n|cFFFFD200价格：|r50|Hitem:163036|h|TInterface\ICONS\INV_Currency_PetBattle.BLP:0|t|h,4524,222764,446791,2399260,8,2,2,6,7,0
始祖羊整个冬季都在蜕落花朵。季节变迁之时，原野上尽是土壤的甜蜜芬芳。,|cFFFFD200宠物对战：|r多恩岛,4525,222774,446796,4279015,4,26,4,6,7,0
这些羊羔喜欢到卡兹阿加的海滩边，窝在温热的沙子里。,|cFFFFD200宠物对战：|r多恩诺嘉尔、多恩岛,4526,222775,446797,4279015,4,26,4,6,7,0
数着绵羊就寝，数得梦中春景。,|cFFFFD200宝藏：|r苔绒之花|n|cFFFFD200地区：|r多恩岛,4527,222782,446798,4279015,4,82,0,6,7,0
苔绒羱喜欢按季剪毛。,,4528,222777,446799,4279015,4,58,-1,6,7,0
专业的土灵花匠能够在始祖羊的背上排出缤纷的花卉图案来。,|cFFFFD200宠物对战：|r多恩岛,4529,222778,446800,4279015,4,26,4,6,7,0
最松软最蓬松的始祖羊，当然是由最松软最蓬松的土壤构成的。,|cFFFFD200商人出售：|r审计员巴乌尔兹|n|cFFFFD200地区：|r多恩诺嘉尔|n|cFFFFD200价格：|r6500|Hcurrency:2815|h|TInterface\ICONS\SPELL_AZERITE_ESSENCE14.BLP:0|t|h,4530,222779,446801,4279015,4,2,2,6,7,0
真菌鞭笞者通常性情凶暴，嗜肉难耐。这种小型品类更适合羞怯地用肢体拍抚其他的小家伙。,|cFFFFD200宠物对战：|r陨圣峪、多恩岛、喧鸣深窟,4533,222875,447008,5791589,6,26,4,6,7,0
这些害虫会残害陨圣峪的庄稼，因此极具破坏性。,|cFFFFD200宝藏：|r夜垦蔓芽|n|cFFFFD200地区：|r陨圣峪,4534,222880,447009,5791588,6,18,0,6,7,0
这些真菌生物拥有诱人的双生菌盖色，对具有人性或兽性的猎物来者不拒。,|cFFFFD200宠物对战：|r陨圣峪、多恩岛、喧鸣深窟,4535,222877,447010,5791587,6,26,4,6,7,0
荒蕾一定得牢牢地捆好了！这些臭名昭著的家伙能够对毫无防备的花园造成严重破坏。,|cFFFFD200宝藏：|r位移的阻塞物|n|cFFFFD200地区：|r喧鸣深窟,4536,222879,447012,5791586,6,2,0,6,7,0
算是个消瘦卑鄙的扔蜡烛机器，也算是个自诩的冒险者，总之是个狗头人。,|cFFFFD200掉落：|r地下堡的丰裕宝匣和隐秘财宝|n,4537,222883,447016,134168,0,2,0,6,7,0
这些野兽的大角令其他长角的草食动物满怀嫉妒。,|cFFFFD200宠物对战：|r多恩岛,4538,223094,447499,5767166,7,26,4,6,7,0
土灵农场工人饲养了许多角兽，充当辛劳与陪伴的伙伴。其中最骄傲的当属磐羊了。,|cFFFFD200宠物对战：|r多恩岛,4539,223093,447501,5767165,7,26,4,6,7,0
始祖山羊会在嬉戏、打斗和休息的过程中留下岩石粉尘。,|cFFFFD200宠物对战：|r多恩岛,4540,223092,447502,5767172,7,26,4,6,7,0
年轻的始祖山羊喜欢嬉闹，经常假装冲撞来吓唬别人。它们也很喜欢真的撞上去。,|cFFFFD200宠物对战：|r多恩诺嘉尔、多恩岛,4541,223090,447503,5767167,7,26,4,6,7,0
蜃鱼人的一顿饭，冒险者的心头宝。,|cFFFFD200任务：|r大刀阔斧法|n|cFFFFD200地区：|r艾基-卡赫特,4542,223138,447900,2027953,8,82,1,6,7,0
这个阴暗的家伙遇到了探险中的芬利·莫格顿爵士，随后就一直尾随着它。芬利爵士对这个幽暗的小朋友日久生情，不愿轻易与它分离。,|cFFFFD200商人出售：|r芬利·莫格顿爵士|n|cFFFFD200地区：|r多恩诺嘉尔|n|cFFFFD200价格：|r10000|Hcurrency:2803|h|TInterface\ICONS\INV_Misc_ElvenCoins.blp:0|t|h,4543,223135,447902,135945,5,2,2,6,7,0
虚空能量的聚群在贝雷达尔之光中无处容身。,|cFFFFD200宠物对战：|r陨圣峪,4544,223136,447903,136221,5,26,4,6,7,0
始祖山羊威猛的犄角上镌刻着每一次冲锋所留下的疤痕。,,4545,223087,447933,5404335,7,16386,-1,6,7,0
它们喜欢沙子，因为沙子很粗糙，而且无孔不入。,|cFFFFD200商人出售：|r世界商人|n|cFFFFD200价格：|r50|Hitem:163036|h|TInterface\ICONS\INV_Currency_PetBattle.BLP:0|t|h,4546,223088,447934,5767168,7,2,2,6,7,0
玛尔罗克是古代高利亚食人魔的血脉，众所周知，比起实现他的帝国宏愿，他更热衷于在阳光沙滩上慢慢休息。,|cFFFFD200商栈|r,4548,223316,448355,4215254,0,16466,11,6,7,0
,|cFFFFD200宠物对战：|r多恩岛,4549,223343,0,4554457,6,32,4,6,7,0
,|cFFFFD200宠物对战：|r多恩岛,4550,223344,0,135227,6,32,4,6,7,0
,|cFFFFD200宠物对战：|r多恩岛,4551,223346,0,1016353,6,32,4,6,7,0
,|cFFFFD200宠物对战：|r陨圣峪,4552,223347,0,1519491,9,32,4,6,7,0
,|cFFFFD200宠物对战：|r喧鸣深窟,4553,223366,0,647701,4,32,4,6,7,0
,|cFFFFD200宠物对战：|r喧鸣深窟,4554,223367,0,648918,4,32,4,6,7,0
,|cFFFFD200宠物对战：|r陨圣峪,4555,223368,0,5648286,7,32,4,6,7,0
,|cFFFFD200宠物对战：|r千丝之城,4556,223399,0,5342950,3,32,4,6,7,0
,|cFFFFD200宠物对战：|r千丝之城,4557,223400,0,5172874,2,32,4,6,7,0
,|cFFFFD200宠物对战：|r千丝之城,4558,223401,0,5688871,7,32,4,6,7,0
,|cFFFFD200宠物对战：|r陨圣峪,4559,223402,0,5771176,2,32,4,6,7,0
,|cFFFFD200宠物对战：|r艾基-卡赫特,4560,223406,0,5688857,7,33824,4,6,7,0
,|cFFFFD200宠物对战：|r多恩岛,4561,223407,0,1981044,9,33824,4,6,7,0
,|cFFFFD200宠物对战：|r陨圣峪,4562,223409,0,3860419,6,33824,4,6,7,0
,|cFFFFD200宠物对战：|r喧鸣深窟,4564,223435,0,5777859,7,32,4,6,7,0
她眼中所见，为你的睡姿。,|cFFFFD200商栈|r|n,4565,223600,449046,5788267,0,16466,11,6,7,0
不如认输吧！不如投降吧！,|cFFFFD200商栈|r,4566,223645,449173,5751507,0,16466,11,6,7,0
送货也要送出风姿。,|cFFFFD200游戏商城|r,4568,223691,0,5739778,2,16466,9,6,7,0
作为所有玩具球深渊领主的主人，玛尼凭借充满趣味和捣蛋的精神称霸了游乐场。,,4569,223695,449286,4891624,5,16466,-1,6,7,0
这只蜜蜂性烈如火！,|cFFFFD200任务：|r烛光所在才是家|n|cFFFFD200地区：|r喧鸣深窟,4570,223351,449511,5633720,6,2,1,6,7,0
皱巴巴的！脾气暴躁！,|cFFFFD200宠物对战：|r艾基-卡赫特、喧鸣深窟,4571,223706,449369,5777859,7,26,4,6,7,0
这些幼年鼹鼠可以感知到将近一里之外的震动和震感，一察觉到生命危险就会立即钻入地下。,|cFFFFD200宠物对战：|r艾基-卡赫特、喧鸣深窟,4573,223712,449472,5777860,7,26,4,6,7,0
就算是坚硬的沉积物，这些小动物的掘地爪子也能轻易破开。,|cFFFFD200宠物对战：|r喧鸣深窟,4574,223715,449473,5777855,7,10,4,6,7,0
她敏锐的大鼻子就是用来嗅的！,|cFFFFD200掉落：|r狗头人地下堡的沉重之箱,4575,223718,449475,5777853,7,2,0,6,7,0
这只嗅吸幼兽最喜欢青柠的味道。,|cFFFFD200商人出售：|r蜡贩斯奎克|n|cFFFFD200地区：|r喧鸣深窟|n|cFFFFD200价格：|r6500|Hcurrency:2815|h|TInterface\ICONS\SPELL_AZERITE_ESSENCE14.BLP:0|t|h,4576,223717,449477,5777857,7,2,2,6,7,0
蜜蜂现在这么火的吗？,|cFFFFD200宠物对战：|r多恩岛,4577,223698,449513,5633719,6,26,4,6,7,0
这只小牦牛摸起来比它的同族更舒服，而且闻上去没那么臭！,|cFFFFD200成就：|r潘达利亚：幻境新生 - 螳螂高原|n,4579,223785,449550,5751887,7,82,5,6,7,0
据说星光帝王用构造群星的物质编织出了这些生物。据说他只选用最可爱的星辰。,|cFFFFD200成就：|r潘达利亚：幻境新生 - 永恒岛|n,4580,223810,449626,5754532,1,82,5,6,7,0
鹿壳虫钟爱暴力，至少也得是模拟出来的暴力。,|cFFFFD200成就：|r勇士之旅：地心之战|n|cFFFFD200分类：|r世界,4581,223859,449807,5764867,7,82,5,6,7,0
拉克-乌什战壳虫本是阿努巴扎尔军中的活体坦克，没想到竟会如此可爱。谁是乖乖甲虫呀？,|cFFFFD200任务：|r永久聘用|n|cFFFFD200地区：|r艾基-卡赫特,4582,223861,449808,5764865,7,2,1,6,7,0
,,4583,223863,449809,5764866,7,58,-1,6,7,0
,,4584,223862,449810,5764868,7,58,-1,6,7,0
你讲的笑话不好笑，它一定会让你知道。,|cFFFFD200商人出售：|r世界商人|n|cFFFFD200价格：|r50|Hitem:163036|h|TInterface\ICONS\INV_Currency_PetBattle.BLP:0|t|h,4586,224090,451193,5795781,4,2,2,6,7,0
驭雷者的雷鸫不仅能够优雅地在劲风中穿梭，还能召唤强烈的风暴来保护自己。,|cFFFFD200特殊：|r“地心之战”史诗版|n,4589,224717,452221,5333905,2,82,7,6,7,0
烬鸫是最罕见、最凶猛的鸫元素。,|cFFFFD200特殊：|r“地心之战”史诗版|n,4590,224716,452222,5333906,2,82,7,6,7,0
成年体雷鸫的惊雷声在数里之外都能贯耳而过。这团小火花的啾鸣声则和故障的电子设备一样。,|cFFFFD200特殊：|r“地心之战”史诗版|n,4591,224718,452223,5333907,2,82,7,6,7,0
在荆棘谷海角潜伏的许多生物都乐意送你上路。小雾却只想要看看外面的世界。,|cFFFFD200商人出售：|r波巴多姆|n|cFFFFD200地区：|r塔纳利斯|n|cFFFFD200价格：|r2200|Hcurrency:1166|h|TInterface\ICONS\PVECurrency-Justice.blp:0|t|h|n|n|cFFFFD200商人出售：|r格拉纳多姆|n|cFFFFD200地区：|r塔纳利斯|n|cFFFFD200价格：|r2200|Hcurrency:1166|h|TInterface\ICONS\PVECurrency-Justice.blp:0|t|h,4592,224915,452706,132189,7,82,2,6,7,0
这头小野猪逃离了寒脊山谷，想要寻找一段冒险，还有一个好点儿的苹果。,|cFFFFD200商人出售：|r波巴多姆|n|cFFFFD200地区：|r塔纳利斯|n|cFFFFD200价格：|r2200|Hcurrency:1166|h|TInterface\ICONS\PVECurrency-Justice.blp:0|t|h|n|n|cFFFFD200商人出售：|r格拉纳多姆|n|cFFFFD200地区：|r塔纳利斯|n|cFFFFD200价格：|r2200|Hcurrency:1166|h|TInterface\ICONS\PVECurrency-Justice.blp:0|t|h,4593,224916,452711,237175,7,82,2,6,7,0
不是寻常乌龟，而是背着半边壳的英雄！,|cFFFFD200宝藏：|r达拉然下水道乌龟|n|cFFFFD200地区：|r多恩岛,4594,225238,453076,1738657,8,82,10,6,7,0
如果有愚蠢的宠物挡了小焰密欧的路，它就会抛弃这些宠物。,|cFFFFD200特殊：|rSteelseries x 《魔兽世界》|n,4595,225354,453266,4891623,5,16466,7,6,7,0
摆脱了迷失和孤独之后，你忠诚的朋友做出了决定：你的身边才是最好的归宿。,|cFFFFD200宝藏：|r半埋的狗碗|n|cFFFFD200地区：|r多恩岛,4596,225537,453741,538568,7,146,0,6,7,0
栩栩如生的附魔蜡像竟与真实的鼹鼠无异。要是爱抚它的时候不会融化就好了。,|cFFFFD200商人出售：|r诺布勒斯|n|cFFFFD200地区：|r喧鸣深窟|n|cFFFFD200价格：|r1|Hitem:224642|h|TInterface\ICONS\INV_Jewelcrafting_NobleTopaz_02.blp:0|t|h,4597,225632,453913,5777858,6,18,2,6,7,0
英雄弃之如敝履，狗头人捧之为珍宝。可惜这个道理反过来行不通。,|cFFFFD200商人出售：|r诺布勒斯|n|cFFFFD200地区：|r喧鸣深窟|n|cFFFFD200价格：|r1|Hitem:224642|h|TInterface\ICONS\INV_Jewelcrafting_NobleTopaz_02.blp:0|t|h,4598,225554,453923,134168,0,18,2,6,7,0
真不敢去想它究竟是得名于它的本质……还是它的行径。,|cFFFFD200宝藏：|r回忆之箱|n|cFFFFD200地区：|r艾基-卡赫特,4599,226125,455184,3459799,5,2,0,6,7,0
卡劳迪乌斯以过于坦率和天籁歌声而闻名。他知道你的珠宝戴在他身上会更好看。,|cFFFFD200商栈|r|n,4602,227414,457689,5559625,8,16466,11,6,7,0
吉兹莫生前人畜无害，却落得个死于非命的下场。他现在开始考虑使用武力了。,|cFFFFD200世界事件：|r魔兽世界周年庆典|n,4614,229779,462942,646059,4,90,6,6,7,0
帕尔洛克是古代高里亚食人魔的血脉，众所周知，比起实现他的帝国宏愿，他更热衷于享受美食以及和朋友闲聊。,|cFFFFD200商栈|r,4615,229846,463079,4215254,0,16466,11,6,7,0
谷米珠蜒口感清甜，肉质弹牙，也因此有许多天敌。,|cFFFFD200特殊|r |n,4616,229860,463148,5852399,7,16450,7,6,7,0
"主要指令：参与英雄事迹。
偏好事迹：惊心动魄。
次要指令：成为英雄。
偏好英雄：大英雄。",|cFFFFD200特殊|r |n,4617,229890,463242,5869666,9,16450,7,254,7,0
"放松模式：开始。
放松等级：最高。
内部温度：低。",|cFFFFD200特殊|r |n,4618,229901,463251,5869665,9,16450,7,254,7,0
这些小三叶虫似乎很喜欢岛上的沙滩，尤其钟情于沙砾浅滩和高湿度气候。,|cFFFFD200宠物对战：|r海妖岛,4628,230394,0,1573605,7,26,4,6,7,0
波勒格勒是扰乱心神的大师，凭借一支舞、一条鱼或几个朋友就能偷走你的心。,|cFFFFD200特殊|r |n,4629,198987,464798,4693217,0,16402,7,6,7,0
为了与元素沟通，古鳍尔卸下了领导霜鳍氏族的重任。他的回归令每个人的心中都燃起了激动的火苗。,|cFFFFD200特殊|r,4630,230834,464808,5834819,0,16466,7,939,940,0
它会热情地参与每一次野餐，只为了帮地精负责烧烤！,|cFFFFD200成就：|r安德麦全谱系宠物斗士|n|cFFFFD200分类：|r对战,4631,231469,471902,5928915,7,82,5,6,7,0
它只是稍微有些困倦，只是个头小了一点。,|cFFFFD200商人出售：|r实验室助理拉兹丽|n|cFFFFD200地区：|r安德麦|n|cFFFFD200价格：|r6500|Hcurrency:2815|h|TInterface\ICONS\SPELL_AZERITE_ESSENCE14.BLP:0|t|h,4632,231468,471904,5928912,7,2,2,6,7,0
邋遢的日子肯定不好过。,|cFFFFD200商人出售：|r唯物的欧菲尼尔|n|cFFFFD200地区：|r暮光高地|n|cFFFFD200价格：|r30|Hcurrency:3319|h|TInterface\ICONS\INV12_Twilight_ Blade_Cultist_Insignia.BLP:0|t|h,4633,231467,471901,5928911,7,16402,2,6,7,0
瞧，它喜欢！它都笑了，你看呐！,,4634,231465,471903,5928910,7,34,-1,6,7,0
土狼需要戴目镜吗？肯定是不用的。戴上后看起来帅吗？帅得难以置信。,|cFFFFD200世界事件：|r儿童周|n,4635,231466,471900,5928914,7,2,6,6,7,0
还有一件事……对我的猎犬放尊重点。,|cFFFFD200掉落：|r货运与接收|n|cFFFFD200地区：|r安德麦,4636,231464,471907,5928913,7,2,0,6,7,0
然后，嗖的一声！它就从海里冲了出来，大声咆哮！吼！,|cFFFFD200商人出售：|r水手长哈迪|n|cFFFFD200地区：|r安德麦|n|cFFFFD200价格：|r6500|Hcurrency:2815|h|TInterface\ICONS\SPELL_AZERITE_ESSENCE14.BLP:0|t|h,4637,231457,471942,6105005,9,2,2,6,7,0
它是红色的，那是许多大坏蛋的血染红的！而且它火力全开了！,|cFFFFD200商人出售：|r迪提·芯伙|n|cFFFFD200地区：|r安德麦|n|cFFFFD200价格：|r10|Hitem:234741|h|TInterface\ICONS\INV_Engineering_90_Toolbox_Orange.BLP:0|t|h,4638,231455,471939,6105007,9,2,2,6,7,0
它一头栽进了酸液池，出来时却比之前强了十倍！太帅了！,|cFFFFD200掉落：|r筛过的废料堆|n|cFFFFD200地区：|r安德麦,4639,231456,471944,6105006,9,2,0,6,7,0
不不不！黄色的才是最帅的！这是原版的主题配色，肯定能打爆那只愚蠢的猩猩！,|cFFFFD200商人出售：|r斯尼克斯·长袋|n|cFFFFD200地区：|r解放安德麦,4640,231454,471933,6105008,9,18,2,6,7,0
就算他们能来到点心跟前，也过不了火箭拳的这一关！,|cFFFFD200商人出售：|r拆废者薛兹|n|cFFFFD200地区：|r安德麦|n|cFFFFD200价格：|r6500|Hcurrency:2815|h|TInterface\ICONS\SPELL_AZERITE_ESSENCE14.BLP:0|t|h,4641,231450,471918,5904914,9,2,2,6,7,0
百万机甲猩的力量与五只普通猩猩相当。,任务：百万机甲猩|n地区：安德麦,4642,231451,471935,5904911,9,18,1,6,7,0
小小托克的老爸绝对可以暴打弗莱兰多的老爹。,|cFFFFD200商人出售：|r斯基托·螺顶|n|cFFFFD200地区：|r解放安德麦,4643,231448,471945,5904913,9,131090,2,6,7,0
它突然跃起，原始重拳！,|cFFFFD200商人出售：|r迪提·芯伙|n|cFFFFD200地区：|r安德麦|n|cFFFFD200价格：|r8|Hitem:234741|h|TInterface\ICONS\INV_Engineering_90_Toolbox_Orange.BLP:0|t|h,4644,231453,471940,5904912,9,2,2,6,7,0
拆废铁总比运垃圾强。,|cFFFFD200商人出售：|r洛可·笑轰|n|cFFFFD200地区：|r安德麦|n|cFFFFD200价格：|r6500|Hcurrency:2815|h|TInterface\ICONS\SPELL_AZERITE_ESSENCE14.BLP:0|t|h,4645,231458,471925,6383539,9,2,2,6,7,0
全家的开心果！一款适合所有场合的自爆机器人！,|cFFFFD200掉落：|r货运与接收|n|cFFFFD200地区：|r安德麦,4646,231463,471923,6383541,9,2,0,6,7,0
最初由地下堡行者博士专门设计，可以与享誉盛名的宝藏猎人布莱恩·铜须一较高下。由于从未成功，他如今干脆打起了下手。,|cFFFFD200掉落：|r地精地下堡的沉重之箱,4647,231462,471922,6383541,9,2,0,6,7,0
让弯腰驼背的跟班轻声低语“是，主人”实在是太俗气了。现在只要靠机器人就可以免费实现了。,|cFFFFD200商人出售：|r迪提·芯伙|n|cFFFFD200地区：|r安德麦|n|cFFFFD200价格：|r5|Hitem:234741|h|TInterface\ICONS\INV_Engineering_90_Toolbox_Orange.BLP:0|t|h,4648,231461,471924,6383542,9,2,2,6,7,0
我觉得海盗的日子挺逍遥的，何况有这个玩意儿替你运酒。,|cFFFFD200商人出售：|r迪提·芯伙|n|cFFFFD200地区：|r安德麦|n|cFFFFD200价格：|r5|Hitem:234741|h|TInterface\ICONS\INV_Engineering_90_Toolbox_Orange.BLP:0|t|h,4649,231459,471920,6383540,9,2,2,6,7,0
是，老板！好，老板！遵命，老板！,|cFFFFD200商人出售：|r迪提·芯伙|n|cFFFFD200地区：|r安德麦|n|cFFFFD200价格：|r5|Hitem:234741|h|TInterface\ICONS\INV_Engineering_90_Toolbox_Orange.BLP:0|t|h,4650,231460,471921,6383543,9,2,2,6,7,0
啮齿动物的胡须越是浓密纤长，它们就越是凶恶。这就是最基本的生物学。,|cFFFFD200宠物对战：|r安德麦,4651,231477,471893,6383519,4,26,4,6,7,0
你肯定没有听说过这个：它们掉进过一罐放射性强酸里。,|cFFFFD200宠物对战：|r安德麦,4652,231470,471896,6383521,4,26,4,6,7,0
他们没在说谎，这只老鼠确实能够找到奶酪。,|cFFFFD200商人出售：|r安杰罗·锈桶|n|cFFFFD200地区：|r安德麦|n|cFFFFD200价格：|r3|Hcurrency:3220|h|TInterface\ICONS\INV_Drink_21.blp:0|t|h,4653,231479,471895,6383522,4,2,2,6,7,0
安德麦的科学家、工程师和玩家必须将桌面保持得一尘不染，否则地渊蟑螂就会上门做客。,|cFFFFD200宠物对战：|r安德麦,4654,231481,471897,5847066,4,26,4,6,7,0
那毛茸茸的腿！那晃来晃去的触须！好吧，虽然不太可爱，但它很努力了！,|cFFFFD200商人出售：|r安杰罗·锈桶|n|cFFFFD200地区：|r安德麦|n|cFFFFD200价格：|r1|Hcurrency:3220|h|TInterface\ICONS\INV_Drink_21.blp:0|t|h,4655,231548,471899,5847065,4,2,2,6,7,0
这类螃蟹的天然栖息地受到了严重的污染，失去了赖以为生的甲壳，不得不钻进废弃的地精军火之中。知道这些之后，你还打算乱扔垃圾吗？,|cFFFFD200宠物对战：|r安德麦,4656,231550,471909,5874197,8,26,4,6,7,0
在紧急情况下，风险投资公司的工人可以利用这些生物开展临时拆卸作业。听懂了吗？拆“蟹”？,|cFFFFD200宠物对战：|r安德麦,4657,231567,471908,5874201,8,26,4,6,7,0
这些螃蟹藏身于黄沙和淤泥之中，巧妙地和环境融为了一体。,|cFFFFD200宠物对战：|r安德麦,4658,231570,471910,5874148,8,26,4,6,7,0
它是不是在卡亚矿石附近停留得太久了？还是有人给它喝了卡亚可乐？天知道，但这个名字很适合宣传。,|cFFFFD200宠物对战：|r祖达萨,4659,231572,471911,5874149,8,26,4,6,7,0
苍壳洞穴蟹这一品种据说口感绝佳，这可能正是它们罕见的原因。,|cFFFFD200宠物对战：|r安德麦,4660,231574,471917,5874152,8,26,4,6,7,0
那双闪亮无神的大眼睛里有半分怜悯吗？我看是没有。,|cFFFFD200商人出售：|r迪提·芯伙|n|cFFFFD200地区：|r安德麦|n|cFFFFD200价格：|r5|Hitem:234741|h|TInterface\ICONS\INV_Engineering_90_Toolbox_Orange.BLP:0|t|h,4661,231622,471941,2126356,9,2,2,6,7,0
在II型问世之前，原版的淘气鼠是一只改造过度的烦人精，完全无可救药。现在呢？已经从烦人升级为恼人了！,|cFFFFD200宠物对战：|r安德麦,4662,231577,471932,2126361,9,26,4,6,7,0
酸绿色调为这只不会飞的机械禽类增添了一丝动感。,|cFFFFD200宠物对战：|r安德麦|n,4663,231579,471934,3004141,9,26,4,6,7,0
滚油和十一种秘制香料与草药都奈何不了它，但千万不要让它生锈了。,"|cFFFFD200成就：|r混迹财阀
|cFFFFD200分类：|r地心之战",4664,231621,471946,3004141,9,82,5,6,7,0
黄色热带蛙,,4665,231613,0,2399264,8,42,-1,6,7,0
祖达萨最近的挖掘作业破坏了这些生物的自然栖息地，令它们流落到了荒野之中。,|cFFFFD200宠物对战：|r祖达萨,4666,231616,471912,2399242,8,26,4,6,7,0
机械青蛙看上去百无一用，但如果你被一群机械飞蝇袭击了，就会希望自己能够拥有一只。,|cFFFFD200宠物对战：|r安德麦|n,4667,231684,471943,2399257,9,26,4,6,7,0
更快，更强，还能二段跳呢。,|cFFFFD200宠物对战：|r安德麦,4668,231686,471937,2399248,9,26,4,6,7,0
蓝度精通魔法和针灸绝活，是休闲放松的不二选择。,|cFFFFD200商栈|r|n,4669,231713,466179,5206186,5,16466,7,6,7,0
,,4670,231756,0,5874200,8,32,-1,6,7,0
,,4671,231757,0,798062,9,32,-1,6,7,0
,,4672,231758,0,1521022,9,32,-1,6,7,0
,,4673,231760,0,645341,6,32,-1,6,7,0
,,4674,231762,0,2484341,6,32,-1,6,7,0
,,4675,231763,0,2399252,9,32,-1,6,7,0
,,4676,231628,0,3004141,9,33824,-1,6,7,0
,,4677,231627,0,5874147,8,33824,-1,6,7,0
,|cFFFFD200商人出售：|r历史学家玛蒂|n|cFFFFD200地区：|r塔纳利斯|n|cFFFFD200价格：|r10|Hcurrency:3100|h|TInterface\ICONS\INV_10_DungeonJewelry_Dragon_Necklace_1_Bronze.BLP:0|t|h,4678,231840,466575,6116549,0,82,2,6,7,0
,|cFFFFD200掉落：|r卡扎克|n|cFFFFD200地区：|r诅咒之地,4679,231841,466576,6116552,0,2,0,6,7,0
游戏开始了。除非是到该睡觉的时间了，否则每时每刻都是游戏时光！,|cFFFFD200游戏商城|r|n,4682,232502,468186,6075526,7,82,9,6,7,0
如同木头玩具成了精，请置于儿童不易拿到处。,|cFFFFD200游戏商城|r,4684,232533,468228,6124758,2,2,9,6,7,0
幽灵刚刚降生不久就被牦牛人所收养，后来成长为了忠心不二的猛兽。如今他迈向大千世界，开始真正变得名符其实。,|cFFFFD200商人出售：|r奥金|n|cFFFFD200地区：|r达拉然|n|cFFFFD200价格：|r2200|Hcurrency:1166|h|TInterface\ICONS\PVECurrency-Justice.blp:0|t|h,4686,232579,468317,132266,7,82,2,6,7,0
虹吸者很少能被捕获，它们是法力浮龙之中最危险的品种之一。这一只原本在卡拉赞的图书馆里畅享美味的法术书，不巧在那一刻分了神。,|cFFFFD200商人出售：|r凯普丽|n|cFFFFD200地区：|r沙塔斯城|n|cFFFFD200价格：|r2200|Hcurrency:1166|h|TInterface\ICONS\PVECurrency-Justice.blp:0|t|h,4689,232585,468338,132841,5,82,2,6,7,0
拉泽什·B是出了名的脾气暴躁、思维敏捷而倒刺锋利。B指的是“别轻举妄动”。,|cFFFFD200特殊|r|n,4690,233481,470914,5788265,0,16466,7,6,7,0
最好别向格伦奇打听这么多礼物的来历，因为他肯定不是个乖孩子。,|cFFFFD200任务：|r卑鄙小人|n|cFFFFD200世界事件：|r冬幕节|n,4691,233564,471121,6027035,7,16386,1,6,7,0
你向那堆财宝伸出了手，却发现那其实是闪钳珠光宝气的甲壳。在阴差阳错中拍了拍它的背之后，它就急不可耐地跟在你的身后。,|cFFFFD200特殊事件：|r霸业风暴,4692,233797,471479,5559622,8,16466,0,6,7,0
实验室的泄露物质有时很危险，有时很可爱，有时既危险又可爱！,|cFFFFD200宠物对战：|r安德麦,4693,231728,471898,3459799,5,26,4,6,7,0
箱子先前的主人曾报告说他们收集的其他宠物都消失了。,|cFFFFD200世界事件：|r冬幕节,4694,233965,471751,133202,5,147538,6,33,7,0
判判是一只性情恶劣而严肃的大鸟。如果你还爱惜自己的眼睛，就别用咸饼干去逗弄判判。,|cFFFFD200特殊事件：|r霸业风暴,4695,233967,471798,4395379,2,16466,0,6,7,0
人们偶尔是会被变成老鼠的，别少见多怪了。,|cFFFFD200任务：|r主动评价|n|cFFFFD200地区：|r安德麦,4701,234071,472194,6351952,4,2,1,6,7,0
这些体型小巧但同样凶猛的三叶虫曾经躲藏在遍布岛屿的茂密森林之中，如今则迅速适应了草木尽毁的新环境。,|cFFFFD200宠物对战：|r海妖岛,4702,234097,0,1573607,7,26,4,6,7,0
和许多品种的三叶虫一样，这个品种喜欢栖息在岛屿的地下洞穴网络之中。,|cFFFFD200宠物对战：|r海妖岛,4703,234101,0,1573608,7,26,4,6,7,0
受人爱慕的活体玫瑰会散发出令人陶醉的芬芳，遭到冷落时的花香会实实在在地令人长醉不起。,|cFFFFD200世界事件：|r情人节|n|cFFFFD200价格：|r40 |Hitem:49927|h|TInterface\ICONS\INV_ValentinesCard01.BLP:0|t|h,4704,234131,472439,6210765,6,16386,6,6,7,0
虽然被遗留在了海妖岛上，这只上了岁数的好狗狗正是“老当益壮”的典范。,|cFFFFD200发现：|r海妖岛|n,4708,234365,472536,5279603,7,82,10,6,7,0
这只好姑娘最喜爱的莫过于晒在身上的暖阳，还有掌下新刨的土坑。,,4709,234366,473127,5279604,7,16496,-1,6,7,0
当故乡远在千里之外，这只美丽的大鹦鹉只想找个伴，一个比它原先的“主人”更有资格的伙伴。,|cFFFFD200宠物对战：|r海妖岛,4710,234367,0,1716282,2,26,4,6,7,0
据说，毒鳍龙幼崽的咬力和毒力都是成年人的数倍。,|cFFFFD200宠物对战：|r海妖岛,4711,234369,0,2766227,8,26,4,6,7,0
和大部分年轻的米克西一样，小刘也嗜好冒险和闯祸。但和其他米克西不一样的是，小刘愿意为了冒险和闯祸而传送到天涯海角。,|cFFFFD200游戏商城|r,4717,234439,473300,6310496,0,16466,7,6,7,0
看着沃吠这张可爱的面庞，你们终将齿轮相扣，成为挚友。,|cFFFFD200商栈|r,4718,234663,473942,6231699,9,16466,2,6,7,0
每一次尾巴摇摆，都如精密钟表般准确无误地带来欢笑。,|cFFFFD200商栈|r,4719,234664,473945,6231700,9,16466,2,6,7,0
这些幼崽生性易怒，正如其可爱的天性。,|cFFFFD200宠物对战：|r海妖岛,4723,234710,0,298596,7,26,4,6,7,0
这些野猪诞生之后就接受了严格的训练，不论是进食、战斗还是睡眠都能身披重甲。,|cFFFFD200宠物对战：|r海妖岛,4724,234734,0,132184,7,26,10,6,7,0
,|cFFFFD200地区：|r海妖岛,4725,234908,474730,897131,9,16416,0,6,7,0
这只幼崽受到了海妖岛上肆虐的风暴影响。轻轻抚摸它柔软的毛发，能感受到静电在你的手上流窜。,|cFFFFD200地区：|r海妖岛|n|cFFFFD200掉落：|r雷触傲爪龙,4726,235124,1213821,298588,7,2,10,6,7,0
这只三叶虫那双猩红发亮的眼睛中，似乎流露出一种不同寻常的智慧。,|cFFFFD200商人出售：|r索伊兹|n|cFFFFD200地区：|r海妖岛|n|cFFFFD200价格：|r750|Hcurrency:3090|h|TInterface\ICONS\INV_Siren_Isle_FlameBlessed_Iron.BLP:0|t|h,4727,235130,1213831,2011146,7,18,2,6,7,0
茶毛米克西的驯养者最爱和他们的小茶毛慵懒地躺在一起，在漫长的一天结束后品上一杯神秘茶水。,|cFFFFD200商栈|r,4728,235152,1213903,6310499,0,16466,11,6,7,0
饱腹米克西一旦闻到食物就会不顾自身安危。对他们来说，没有什么比一杯茶配上一顿温暖的美食更令人愉悦的了。,|cFFFFD200商栈|r,4729,235159,1213933,6310498,0,16466,11,6,7,0
来认识下你的新机械伙伴玛雅吧。玛雅最喜欢被上紧发条，这样她就能迸发十足动力。,|cFFFFD200游戏商城|r,4730,236016,1215317,6231701,9,16466,9,6,7,0
被遗弃在海岸边的毒鳍龙幼崽，如同其他海妖岛的生物一般，已被海怒雷暴的能量所浸染。,|cFFFFD200宠物对战：|r海妖岛：海怒雷暴,4731,236040,0,2766226,8,26,4,6,7,0
传说毒鳍龙从孵化的那一刻起就能独立生存，无需父母照料。然而，最近在纳沙塔尔的探索似乎推翻了这一说法。,|cFFFFD200宠物对战：|r海妖岛，海怒雷暴|n,4732,236041,0,2766228,8,26,4,6,7,0
它有多萌，就有多邪恶。,|cFFFFD200特殊|r |n,4733,236783,1216564,6243478,6,147538,7,6,7,0
,|cFFFFD200宠物对战：|r安德麦|n,4737,237701,0,892833,9,33824,4,6,7,0
,,4738,237706,0,667691,2,32802,-1,6,7,0
,,4739,237707,0,6351952,4,32802,-1,6,7,0
,,4740,237708,0,5928913,7,32802,-1,6,7,0
,|cFFFFD200宠物对战：|r安德麦,4741,237713,0,5874197,8,32802,4,6,7,0
,|cFFFFD200宠物对战：|r安德麦,4742,237714,0,1716280,2,32802,4,6,7,0
,|cFFFFD200宠物对战：|r安德麦,4743,237715,0,6383540,9,32802,4,6,7,0
,|cFFFFD200宠物对战：|r安德麦,4744,237720,0,5847066,4,32802,4,6,7,0
,|cFFFFD200宠物对战：|r安德麦,4745,237721,0,5847067,4,32802,4,6,7,0
,|cFFFFD200宠物对战：|r安德麦,4746,237719,0,5847065,4,32802,4,6,7,0
多年以来，马迪亚斯·肖尔大师在艾泽拉斯各地遍洒耳目搜集情报。至少有几只眼睛是回来了。,|cFFFFD200宝藏：|r瓦莉拉的腐化的宝箱|n|cFFFFD200地区：|r暴风城的幻象（重访）,4747,237850,1218378,3004126,5,2,0,41,7,0
暴风城的贸易区人来人往，经由拍卖行转手的商品和生物五花八门。荆棘谷的鹦鹉曾是价格昂贵的奢侈品，可恩佐斯降临时，鹦鹉也变成了灾星。,|cFFFFD200宝藏：|r维姆班恩的腐化的宝箱|n|cFFFFD200地区：|r暴风城的幻象（重访）,4748,237852,1218379,2103815,2,2,0,6,7,0
这种生物因身怀剧毒而受到了潜行者的追捧，它们大多栖息在暗巷区的孔洞和窟窿里。恩佐斯降临之后，这些新生的恐魔开始危害幸存的人们。,|cFFFFD200宝藏：|r迦罗娜的腐化的宝箱|n|cFFFFD200地区：|r奥格瑞玛的幻象（重访）|n,4749,237855,1218381,132195,7,2,2,6,7,0
陆行鸟极具领地意识，很少能够圈养。这一小窝鸟蛋在狩猎中被人们寻获，牛头人训练师将它们带往奥格瑞玛炫耀。然而，在陨落之后，它们再次变得穷凶极恶，再也没有人能够管束它们腐化的形体。,|cFFFFD200宝藏：|r盖亚拉的腐化的宝箱|n|cFFFFD200地区：|r奥格瑞玛的幻象（重访）|n,4750,237856,1218383,132198,2,2,0,6,7,0
加乐宫在安德麦最出名的一点，就是意料之外的宝物堆会在意料之外的地方活动起来。,|cFFFFD200掉落：|r加乐宫垃圾团|n|cFFFFD200地区：|r安德麦,4755,237976,1219016,237281,6,16416,0,6,7,0
守护巨龙之祸被愤怒所吞没，心中只剩下吞噬一切的饥渴。它的出现预示着所有龙裔都将迎来怪异莫测的未来。,|cFFFFD200商人出售：|r托莉|n|cFFFFD200地区：|r多恩诺嘉尔|n|cFFFFD200价格：|r5000|Hcurrency:3149|h|TInterface\ICONS\Archaeology_5_0_MoguCoin.blp:0|t|h,4756,238064,1219265,6648449,1,82,2,6,7,0
这些坏脾气、软乎乎的米克西只有配着珍珠奶茶大嚼咸焦糖和曲奇面团的时候才会感觉到快乐。,|cFFFFD200商栈|r,4757,238178,1219626,6310497,0,16466,11,6,7,0
小小的，爱钳人，还有名副其实的火爆脾气。轻拿轻放！,|cFFFFD200掉落：|r沼面|n|cFFFFD200地区：|r水闸行动,4759,238393,1220834,5874196,8,2,0,6,7,0
PH - Tech was made to allow customizations.,|cFFFFD200商栈|r,4761,239362,1222968,6642732,7,16466,11,6,7,0
机械猎犬嘀嗒是最出色的看门狗。,|cFFFFD200游戏商城|r,4762,240137,1224569,6231698,9,16466,9,6,7,0
饿了吗？吃掉敌人，做回自己！,|cFFFFD200地区：|r虚影风暴,4790,240014,1226298,3535736,7,154,10,6,7,0
就算不能位居第一或第二，三鲜也心满意足。三鲜相信第一和第二不足为道，因为好事应当成三。,|cFFFFD200特殊|r |n,4791,198989,1226305,4693218,0,16466,7,6,7,0
PH - Tech was made to allow customizations.,|cFFFFD200商栈|r,4792,240994,1226412,6642732,7,16466,11,6,7,0
威奇喜欢吸引人们的目光，而最好的方式莫过于换上一身衣装！去找一处商栈附近的宠物清洁站，打扮一下这个奇妙又迷人的小伙伴吧。,|cFFFFD200商栈|r,4793,241150,1226743,6642732,7,82,11,6,7,0
从它喧闹无宁的行为来看，我们只能假设它是主动挑事开战而被灌注了虚空之力。问题是，到底是谁赢了？,|cFFFFD200商人出售：|r拉尔斯·布伦迈特|n|cFFFFD200地区：|r陨圣峪|n|cFFFFD200价格|r6500|Hcurrency:2815|h|TInterface\ICONS\SPELL_AZERITE_ESSENCE14.BLP:0|t|h,4794,241297,1226942,5648283,7,18,2,6,7,0
由虚影风暴的混乱与尘埃凝结而成，还不明白什么叫做憎恨！,|cFFFFD200地区：|r虚影风暴,4795,241439,1250138,537022,5,154,10,6,7,0
在托维尔信仰中，在烈阳节期间有幼崽破壳的鳄鱼巢受到了河川守护者萨巴卡的祝福。,|cFFFFD200特殊|r,4796,241416,1227251,6694821,8,16466,7,6,7,0
大部分魔犬生来凶悍，贪得无厌。可这一只倒是有一点孤单。,|cFFFFD200世界事件：|r《魔兽世界》幻境新生：军团再临,4801,242176,1229381,6918291,4,16466,6,6,7,0
因啃咬主人而出名。抚摸时多加小心。,|cFFFFD200世界事件：|r《魔兽世界》幻境新生：军团再临,4802,242180,1229382,6918290,4,16466,6,6,7,0
偶尔会发出绿色的微光。,|cFFFFD200成就：|r“至暗之夜”地下城英雄|n|cFFFFD200分类：|r地下城与团队副本,4803,242452,1230550,7301943,4,210,5,6,7,0
迅掌是焰爪的后代，也是圣焰之耀的无畏信使。它侍奉神圣烈焰时展现的凶猛甚至超过了一些阿拉希人。,|cFFFFD200商人出售：|r拉尔斯·布伦迈特|n|cFFFFD200地区：|r陨圣峪|n|cFFFFD200价格|r6500|Hcurrency:2815|h|TInterface\ICONS\SPELL_AZERITE_ESSENCE14.BLP:0|t|h,4804,242652,1231110,5648285,7,18,2,6,7,0
多么香辣的“陋”球呀。,|cFFFFD200特殊：|r卑鄙双雄,4806,241346,1227066,6851837,9,16466,7,6,7,0
它所到之处总会留下一缕微光，即使在黑暗的角落都能点燃希望。,|cFFFFD200特殊|r |n,4811,244145,1234588,6792419,1,2,7,6,7,0
幽邃之翼划过空中，传来阵阵诡异的呢喃。,|cFFFFD200特殊|r ,4812,244146,1234591,6792054,1,2,7,6,7,0
在不注视着虚空缓缓吞噬整个世界的时候，伊希瑟勒喜欢玩捉迷藏。,|cFFFFD200地区：|r卡雷什,4813,244263,1234822,7119297,5,18,0,6,7,0
既然陆行鸟永远长不出飞羽，那雏鸟要何时才能算长成？,|cFFFFD200任务：|r为人父母的第一步|n|cFFFFD200地区：|r永歌森林,4816,245043,1236986,6703757,4,146,1,6,7,0
,,4824,245204,1237372,6159152,4,16418,-1,6,7,0
这只棘尾狐宝宝最喜欢的活动就是在小池塘里踩出水花。,|cFFFFD200掉落：|r震动的箱子|n|cFFFFD200地区：|r卡雷什,4825,245215,1237377,6159151,4,2,0,6,7,0
这只小棘尾狐喜欢和它最大的敌人……玩赏虫……斗个天翻地覆。,|cFFFFD200掉落：|r震动的箱子|n|cFFFFD200地区：|r卡雷什,4826,245217,1237379,6159150,4,2,0,6,7,0
早期的生态系统融合尝试导致有多个样本惨遭眼棱的轰击。,|cFFFFD200掉落：|r震动的箱子|n|cFFFFD200地区：|r卡雷什,4827,245474,1238270,7119296,5,2,0,6,7,0
这个小眼魔的疲惫一目了然，就和圣光与虚空的争斗那样明显。,|cFFFFD200掉落：|r震动的箱子|n|cFFFFD200地区：|r卡雷什,4828,245475,1238271,7119296,5,2,0,6,7,0
它在暗影中默默等待，默默守望。多么轻声，多么温柔。,|cFFFFD200商人出售：|r莎德安妮丝|n|cFFFFD200地区：|r卡雷什|n|cFFFFD200价格：|r4|Hcurrency:3303|h|TInterface\ICONS\INV_Misc_Coin_08.blp:0|t|h,4829,245476,1238272,7119389,5,18,2,6,7,0
时刻在凝望，从来不眨眼。,|cFFFFD200商人出售：|r唯物的欧菲尼尔|n|cFFFFD200地区：|r暮光高地|n|cFFFFD200价格：|r30|Hcurrency:3319|h|TInterface\ICONS\INV12_Twilight_ Blade_Cultist_Insignia.BLP:0|t|h,4830,245477,1238273,7119297,5,16402,2,6,7,0
由于缺乏洞察力，还不能算是个看守者，但他已经在寻找眼界相当的伙伴了。,|cFFFFD200阵营：|r法力熔炉破袭队|n|cFFFFD200名望：|r13|n|cFFFFD200地区：|r暗影营,4832,245479,1238275,7119298,5,18,1,6,7,0
虹吸幼虫通常以垂死世界的能量为食，但这家伙只要被研究员们摸摸就心满意足了。,|cFFFFD200掉落：|r震动的箱子|n|cFFFFD200地区：|r卡雷什,4833,245480,1238282,6841595,7,2,0,6,7,0
吉米的真名叫小莫吉尔，莫吉尔之子，塔扎维什天选死敌，卡雷什的吞噬者……可人人都管它叫吉米。,|cFFFFD200掉落：|r虚空之嗣莫吉尔|n|cFFFFD200地区：|r卡雷什,4834,245481,1238283,6841594,7,18,0,6,7,0
这只虹吸幼虫是怎么进入静滞容器的？只有天知道。,|cFFFFD200掉落：|r震动的箱子|n|cFFFFD200地区：|r卡雷什,4835,245482,1238284,6841593,7,2,0,6,7,0
这玩意儿的食量怎么这么大啊？！,|cFFFFD200掉落：|r震动的箱子|n|cFFFFD200地区：|r卡雷什,4836,245494,1238328,7119390,7,2,0,6,7,0
,"
",4837,245495,1238329,7119302,7,16418,9,6,7,0
依然没有成长到离巢的年龄。,|cFFFFD200掉落：|r马勒克塔|n|cFFFFD200地区：|r卡雷什,4838,245496,1238330,7119299,7,18,0,6,7,0
预测数据显示，成功的生态融合比例不会超过百分之一。但这一只实在是过于可爱，你忍心痛下杀手吗？,|cFFFFD200掉落：|r震动的箱子|n|cFFFFD200地区：|r卡雷什,4839,245497,1238331,7119300,7,2,0,6,7,0
为改造此物种原有的破坏倾向所付出的心血取得了成果，使这个样本产生了非同寻常的温驯性格。但它并不能算是成功的范例。,|cFFFFD200掉落：|r震动的箱子|n|cFFFFD200地区：|r卡雷什,4840,245498,1238332,6328733,2,2,0,6,7,0
追逐点点星光，白日也不倦怠。,"|cFFFFD200成就：|r悬赏达人
|cFFFFD200分类：|r地心之战",4841,245499,1238333,6328732,2,82,-1,6,7,0
被亮闪闪的东西所吸引。黑暗也不错。尤其是黑暗。,|cFFFFD200掉落：|r夜色收割者|n|cFFFFD200地区：|r卡雷什,4842,245500,1238336,6328734,2,18,0,6,7,0
一只极为友好的宇宙生物，与它直接进行眼神交流会使你的灵魂灰飞烟灭。,|cFFFFD200掉落：|r虚灵地下堡的沉重之箱|n,4843,245501,1238334,6328735,2,2,0,6,7,0
这只宇宙鳐幼体的心中充满了好奇，可不能让它（再）闯祸了！,|cFFFFD200掉落：|r震动的箱子|n|cFFFFD200地区：|r卡雷什,4844,245502,1238335,6328736,2,2,0,6,7,0
卡雷什沦丧前的某个倒霉蛋最喜爱的宠物，被发现时正处于静滞中。,|cFFFFD200宝藏：|r上古宝匣|n|cFFFFD200地区：|r卡雷什,4845,245503,1238337,7119393,4,18,0,6,7,0
这种玩赏虫的鸣叫声异常响亮，足以令本地区域本就摇摇欲坠的环境元素彻底陷入混乱。现在它骚扰的对象成了你。,|cFFFFD200掉落：|r赫卡塔莫斯|n|cFFFFD200地区：|r卡雷什,4846,245504,1238338,7119308,4,18,0,6,7,0
卡雷什沦丧前，玩赏虫曾经是一种广受追捧的家养宠物。古铜玩赏虫尤其吃香。,|cFFFFD200掉落：|r震动的箱子|n|cFFFFD200地区：|r卡雷什,4847,245505,1238341,7119309,4,2,0,6,7,0
天蓝玩赏虫是一种广受追捧的宠物，据说能够招来好运。,|cFFFFD200掉落：|r震动的箱子|n|cFFFFD200地区：|r卡雷什,4848,245506,1238346,7119391,4,2,0,6,7,0
这些小小的收割者经常会在低潮期间部署在沿岸地带，收集被冲上海岸的船难遗物和木料。,|cFFFFD200商人出售：|r彻布鲁|n|cFFFFD200地区：|r祖达萨|n|cFFFFD200地区：|r伯拉勒斯港|n|cFFFFD200世界事件：|r“争霸艾泽拉斯”时空漫游,4849,245545,1238913,5728024,9,82,2,6,7,0
微小的雪花身躯中积聚了太多的节日精神，当然应该与整个世界分享啦！,|cFFFFD200世界事件：|r冬幕节|n,4851,245616,1238915,655957,6,16466,6,6,7,0
远古时期的恐龙统领曾经相信，纯白的恐龙鳞片象征着天体的影响。为了追求平衡，伦阿莱吸纳了这种迷信的想法，并致力于恢复纯白雷龙的种群。,|cFFFFD200商人出售：|r彻布鲁|n|cFFFFD200地区：|r祖达萨|n|cFFFFD200地区：|r伯拉勒斯港|n|cFFFFD200世界事件：|r“争霸艾泽拉斯”时空漫游|n,4852,245647,1239142,4559244,7,82,6,6,7,0
邪能水豚的嗅觉非常敏锐。它们经常会焚烧成堆的落叶、废料或积雪，希望能找到青草和种子。,|cFFFFD200商栈|r,4853,246660,1241750,6993780,7,16466,11,6,7,0
暮牙邪能水豚注的皮毛在注入邪能后变成了暗色，能够轻松融入费伍德森林的环境。,|cFFFFD200商栈|r,4854,246661,1241756,6993781,7,16466,11,6,7,0
一种攻击性极强的水豚。这种令人讨厌的性情令它在一众水豚里显得格格不入。,|cFFFFD200商栈|r,4855,246662,1241760,6993783,7,16466,11,6,7,0
在所有水豚之中，这家伙的毛皮最为蓬乱，也最是暖和。虽然性情友好，但在抚摸时务必高度警惕。,|cFFFFD200商栈|r,4856,246663,1241763,6993782,7,16466,11,6,7,0
泡奶茶的时候一定要盯紧这个小家伙。小酿盗喜欢从暗影中降临并盗取茶水。更糟糕的是，它们一旦得逞，总会开始大肆炫耀新到手的饮料。,|cFFFFD200特殊|r,4858,246983,1242265,6310500,0,16466,7,6,7,0
佐·雅集机敏和美貌于一身，这些都是呼噜猫最受喜爱的特征。虽然犯了很多调皮捣蛋的事，可她总能用那身温暖的光芒换来谅解。,|cFFFFD200阵营：|r法力熔炉破袭队|n|cFFFFD200名望：|r8|n|cFFFFD200地区：|r暗影营,4859,247463,1243337,3742946,7,2,1,6,7,0
呼噜猫总是习惯性地走丢，但在这方面天赋最高的还得是这一只。不过，这个好奇的小家伙遇到各种麻烦都能迎刃而解，真是太奇喵了。,"|cFFFFD200来源：|r？？？
|cFFFFD200地区：|r塔扎维什，帷纱集市",4860,247465,1243343,3742947,7,82,-1,6,7,0
这头精力旺盛又热忱无限的幼驹对天空十分向往。它还没做好准备，但在约束它的时候还是要多加小心。,|cFFFFD200游戏商城|r,4862,248495,1246166,7142516,7,16466,9,6,7,0
这些雏鹰蜕落的羽毛是阿曼尼巨魔青睐的材料，常用于制作舒适的寝具。,|cFFFFD200地区：|r祖阿曼,4874,249812,1250374,7210233,2,154,10,6,7,0
年幼的林莽爬行者会蜷缩在保护着的脚踝边休息。,|cFFFFD200地区：|r哈籁恩达尔,4875,249815,1250373,7152801,7,154,10,6,7,0
真的，口感和马铃薯绝对不一样。,|cFFFFD200地区：|r哈籁恩达尔,4876,249816,1250371,7132154,8,154,10,6,7,0
这种谨小慎微、不会飞行的鸟总是一刻不停地梳理着羽毛。就和它们的骑手一样。,|cFFFFD200地区：|r永歌森林,4877,249817,1250370,6703756,4,154,10,6,7,0
嘴和钳子一样厉害！,|cFFFFD200地区：|r祖阿曼,4878,249818,1250369,7116030,7,154,10,6,7,0
你肯定觉得它身上的尖刺会把自己的液囊戳破。才不会！它的液囊其实很牢固！液囊！,|cFFFFD200地区：|r虚影风暴,4879,249819,1250360,7119300,7,154,10,6,7,0
长着针尖般的牙齿，潜伏在暗流之下。但你也可以反过来吸它们的血，这不违法。,|cFFFFD200地区：|r祖阿曼,4880,249820,1250368,7119390,7,154,10,6,7,0
一张长满牙齿和舌头的血盆大口。这只野兽与艾泽拉斯的水蛭有着惊人的相似之处。,|cFFFFD200宝藏：|r颤动的蛋|n|cFFFFD200地区：|r虚影风暴,4881,258803,1277679,538440,7,146,0,6,7,0
与栖息在德拉诺和外域的孢子蝠并不一样。这纯粹是巧合而已。,|cFFFFD200地区：|r哈籁恩达尔,4882,249822,1250366,132197,2,154,10,6,7,0
这些在祖阿曼的荒野中长大的龙鹰，能凭借一身绿色的羽毛和蜕羽来躲避猎人和猛兽。,|cFFFFD200地区：|r祖阿曼,4883,249824,1250365,6739636,2,154,10,6,7,0
他在谋划。他在坏笑。别信他。,|cFFFFD200地区：|r祖阿曼,4884,249825,1250363,4632788,7,154,10,6,7,0
愿你度过欢跳的一天！,|cFFFFD200地区：|r祖阿曼,4885,249826,1250362,2399289,8,154,10,6,7,0
没错，它一定能蜕变成优美的有翼生物，只是可能需要再准备几年。,|cFFFFD200地区：|r哈籁恩达尔,4886,249827,1250361,4209348,4,154,10,6,7,0
[PH],,4887,249488,1249256,6351950,4,146,-1,6,7,0
娜洛基身披战漆，腹中低吼，梦想着有一天能像纳洛拉克那样发出震天咆哮。,|cFFFFD200商人出售：|r玛戈弗|n|cFFFFD200地区：|r祖阿曼|n|cFFFFD200价格：|r2500|Hcurrency:3316|h|TInterface\ICONS\INV_112_RaidTrinkets_VoidPrism.BLP:0|t|h,4888,250583,1251593,7523128,4,146,2,6,7,0
注有奥术的浮龙是永歌森林的法师们偏爱的魔宠。,|cFFFFD200地区：|r奎尔丹纳斯岛,4889,250571,1251746,7301940,5,154,10,6,7,0
奥术洪流惨遭削弱之后，法力浮龙的种群很快就开始恢复了。,|cFFFFD200地区：|r永歌森林,4890,250572,1251770,7266832,5,154,10,6,7,0
它要长出翅膀了！快跑！,|cFFFFD200地区：|r奎尔丹纳斯岛,4891,250573,1251771,7301941,5,154,10,6,7,0
据说它原本是一名朗多雷法师的魔宠，在窜逃到虚影风暴的荒野中后吸收了更多的虚空。,|cFFFFD200地区：|r虚影风暴,4892,250680,1251782,7301942,5,154,10,6,7,0
善意能让希望生出金色的翅膀，心光引聆者的羽翼陪伴我们每一个宁静的良夜。,|cFFFFD200游戏商城|r,4894,251511,0,7292703,2,16466,9,6,7,0
如果你带着一条鱼，小咀嚼者很可能就在附近。,|cFFFFD200商栈|r,4895,251804,1254162,7277076,8,16466,11,6,7,0
滑溜的扫罗喜欢在地上和海里滑行，同时寻找鱼的踪影。,|cFFFFD200商栈|r,4896,251817,1254201,7277076,8,16466,11,6,7,0
小美认为，有多少鱼都不嫌多。,|cFFFFD200商栈|r,4897,251819,1254207,7277052,8,16466,11,6,7,0
冻鱼是凯斯最喜欢的点心。只要你有冻鱼，你就能交到新朋友。,|cFFFFD200成就：|r气象异变：瓦尔|n|cFFFFD200商人出售：|r琪法安|n|cFFFFD200地区：|r奈格塔尔或瓦尔|n|cFFFFD200价格：|r50|Hitem:238365|h|TInterface\ICONS\INV_Misc_Fish_41.blp:0|t|h|n|n,4898,251820,1254208,7277052,8,82,2,6,7,0
不论伊芙走到那里，冬季的节日似乎都紧随而至。,|cFFFFD200商栈|r,4899,251821,1254212,7277045,8,16466,11,6,7,0
这种海豹原本生活在东部王国的北方地区，因其肥肉和皮革而在第二次战争中被大量猎捕，如今只在诺森德广泛分布。,|cFFFFD200商栈|r,4900,251822,1254213,7277045,8,16466,11,6,7,0
这只年轻的雏鸟已经准备好开始训练了。,|cFFFFD200世界事件：|r《魔兽世界》幻境新生：军团再临,4901,251889,1254381,7197225,2,16466,6,6,7,0
潘达利亚罕见瑞兽，见多识广的土地精们称它为“移动的幸运增幅器”。,|cFFFFD200游戏商城|r,4902,252686,1256380,7315561,4,16466,9,34,60,0
这只满眼星光的雏龙充满好奇与求知欲，怀揣着远大梦想，渴望探索宇宙中的每一个世界。,|cFFFFD200特殊|r ,4903,252859,1257069,7317259,1,16466,7,6,7,0
破壳于一枚被遗忘已久的蛋。不管你是否做好了准备，这只邋遢的小鹰已经认定你是它的新家人了。,|cFFFFD200地区：|r祖阿曼,4906,253399,1258975,7210234,4,146,0,6,7,0
没人知道小考尔利的名字有何出处。是因为他有着一颗黑心？是因为他钟爱火焰？还是因为他的父母之一名叫大考尔利？向他提问得到的不是答案，而是怒火。,|cFFFFD200特殊|r ,4907,254356,1261676,4891621,5,16466,9,6,7,0
小阿什利默默等待着权力真空的出现。一旦大权在握，小阿什利就会让欢乐、喜悦和火焰降临到万物头上！,|cFFFFD200特殊|r ,4908,254359,1261687,4891622,5,16466,9,6,7,0
像他的父亲一样，多尔的话也不多，但他几乎和所有人都合得来——唯一的例外，是那些欺凌弱小之辈。,|cFFFFD200成就：|r至暗之夜猎人,4910,254689,1262925,2205238,7,82,5,6,7,0
虽然塔扎维什的集市运作十分高效，P.O.S.T.服务却因包裹、货箱和闹腾的牲畜而显得杂乱无章。将危险材料的处置工作交给P.O.S.T.助理能免去许多头疼的事。,|cFFFFD200商人出售：|r收藏家塔·斯泰德|n|cFFFFD200地区：|r奥利波斯|n|cFFFFD200价格：|r2200|Hcurrency:1166|h|TInterface\ICONS\PVECurrency-Justice.blp:0|t|h,4911,253374,1258852,4327618,5,82,2,6,7,0
魔导师们总爱在动身前唤醒他们的魔法扫帚，却发现它正卡在银月城公寓的某个犄角旮旯里。,|cFFFFD200地区：|r银月城,4912,254885,1263739,7354716,5,154,10,38,7,0
自阿梅达希尔降世以来，大批精灵龙前往贝拉梅斯栖身。但仍有许多同族，继续将卡利姆多认作故土。,|cFFFFD200成就：|r卡利姆多全谱系宠物斗士|n|cFFFFD200分类：|r对战,4913,254979,1263911,5840606,1,210,5,6,7,0
“冷静点”。它只是一只蜘蛛。,,4914,254986,1263916,2027946,6,242,-1,6,7,0
这只薯身幼蟾老是把自己卡在各种地方。,|cFFFFD200宝藏：|r科美特的炖煮大锅|n|cFFFFD200地区：|r哈籁恩达尔,4927,255119,1264236,7132153,8,210,0,6,7,0
在偏爱旅行版同伴的玩家而言，这种袖珍龙鹰深受喜爱。不过，千万别让它们靠近窗帘。,|cFFFFD200商人出售：|r凯瑞斯·善晨|n|cFFFFD200地区：|r永歌森林|n|cFFFFD200价格：|r2500|Hcurrency:3316|h|TInterface\ICONS\INV_112_RaidTrinkets_VoidPrism.BLP:0|t|h,4928,255257,1264611,6739638,1,2,2,6,7,0
这只幼小的林莽爬行者，是在哈籁提的精心呵护下长大的。,|cFFFFD200商人出售：|r内纳尔|n|cFFFFD200地区：|r哈籁恩达尔|n|cFFFFD200价格：|r2500|Hcurrency:3316|h|TInterface\ICONS\INV_112_RaidTrinkets_VoidPrism.BLP:0|t|h,4929,255295,1264733,7152800,7,18,2,6,7,0
这只浮龙迫不及待地想长得又大又壮，这样它也能去捕猎了！,|cFFFFD200商人出售：|r构造体伊努伊|n|cFFFFD200地区：|r银月城|n|cFFFFD200价格：|r1200|Hcurrency:3392|h|TInterface\ICONS\INV_10_ElementalCombinedFoozles_Blood.BLP:0|t|h,4930,255522,1265397,7301938,5,18,2,6,7,0
一段来自艾林裂隙的翻腾记忆，被你吸引而来。,|cFFFFD200任务：|r空荡的摇篮,4942,255689,1265969,135782,6,210,1,6,7,0
小闪刚刚破壳而出，准备好了踏上冒险之旅。当然，有时候打个盹儿就是最棒的冒险。,|cFFFFD200游戏商城|r|n,4943,255736,1266115,7442919,1,16466,9,6,7,0
闪光浮龙谷米口感清甜，肉质弹牙，也因此有许多天敌。,|cFFFFD200特殊|r |n,4944,255750,1266148,7352245,5,16450,7,6,7,0
奥德雷会吞掉挡在路上的一切，好让自己快快成长起来。,|cFFFFD200任务：|r多头花归巢|n,4945,255832,1266364,237425,6,242,1,6,7,0
这暴露在光绽之后，这只薯身幼蟾对你的援手深表感激。,|cFFFFD200任务：|r开花能手|n,4946,255921,1266590,7132152,8,210,1,6,7,0
助理植物学家小叶最擅长的就是鉴定食用植物……但对小叶来说，万物皆可食。,|cFFFFD200任务：|r多头花归巢|n,4947,256014,1266770,7152802,6,210,1,6,7,0
这只孢子蝠曾被粗鲁地塞进一个葫芦，妄图用它来治疗光绽感染。重获自由后，它对你感激不尽。,|cFFFFD200宝藏：|r密不透风的葫芦|n|cFFFFD200区域：|r哈籁恩达尔,4948,256059,1266834,7233369,2,210,0,6,7,0
菲莱克试图腐蚀阿梅达希尔时留下的余烬。,|cFFFFD200商人出售：|r希丹|n|cFFFFD200地区：|r瓦德拉肯|n|cFFFFD200价格：|r2200|Hcurrency:1166|h|TInterface\ICONS\PVECurrency-Justice.blp:0|t|h,4949,256080,1266976,4952369,6,18,2,6,7,0
虽然它不是个合格的实验对象，但也许能成为一个好伙伴。,|cFFFFD200任务：|r卓尔不群|n,4950,256107,1267050,7126994,7,210,1,6,7,0
多么开心的小蜥蜴！,|cFFFFD200专业技能：|r钓鱼|n,4951,256201,1267090,7116030,7,154,3,6,7,0
随着在虚影风暴不断进化，其中的小型居民也变得更加具有攻击性了。,|cFFFFD200商人出售：|r虚空研究者阿诺曼达尔|n|cFFFFD200地区：|r虚影风暴|n|cFFFFD200价格：|r2500|Hcurrency:3316|h|TInterface\ICONS\INV_112_RaidTrinkets_VoidPrism.BLP:0|t|h,4952,256271,1268696,7119299,7,10,1,6,7,0
“在这里，我们不会把孢子弄进熟睡之人的耳朵里，他们醒来时的表情再滑稽也不行。”,|cFFFFD200掉落：|r地下堡挑战结束奖励,4953,256264,1268686,7233370,2,210,0,6,7,0
吉尔欧法隆，宇宙未知的使者，古往今来的终结者，朋友口中的小吉，完全具备拍扁一只苍蝇的实力。,|cFFFFD200掉落：|r地下堡挑战结束奖励,4954,256276,1268698,6992624,6,210,0,6,7,0
它不会咬人，它会扯骨断肉。,|cFFFFD200商人出售：|r娜蕾迪亚·流光|n|cFFFFD200地区：|r银月城|n|cFFFFD200价格：|r10000|Hcurrency:2803|h|TInterface\ICONS\INV_Misc_ElvenCoins.blp:0|t|h,4955,256272,1268693,1723704,7,210,2,6,7,0
裹在无法散去的孢子云中四处摇摆。没有危害？那可不好说，我们还等着看到研究团队的成果……或下场。,|cFFFFD200掉落：|r地下堡挑战结束奖励,4956,256237,1267219,5791588,6,210,0,6,7,0
虽然没有任何确凿的了解，但有些人认为，漆黑的夜空就是它眼里的家。,|cFFFFD200掉落：|r地下堡挑战结束奖励,4957,256282,1268718,7439212,5,210,0,6,7,0
真材实料的邪恶，无可否认的强大……除此之外，还超乎寻常的懒惰。,|cFFFFD200掉落：|r努雷乌斯,4958,256265,1268687,5041293,6,210,0,6,7,0
在错误的时间出现在了错误的地方。,|cFFFFD200掉落：|r地下堡挑战结束奖励,4959,256278,1268704,2399292,7,210,0,6,7,0
一个只会在宝箱里发现的古怪物种，基本无害，除非你碰巧戴着首饰。,|cFFFFD200掉落：|r地下堡挑战结束奖励,4960,256238,1267222,1618563,7,210,0,6,7,0
总是不开心，总是冲着喉咙咬，还怪可爱的。,|cFFFFD200掉落：|r地下堡挑战结束奖励|n,4961,256269,1268690,7119302,7,210,0,6,7,0
警告：它可能会在你身上扎根。,|cFFFFD200商栈|r,4963,256559,1269346,7467152,6,16466,11,6,7,0
,|cFFFFD200商栈|r,4964,256560,1269350,7467153,6,16466,11,6,7,0
蜷缩在舒适的洞穴中，这株小曼德拉草新芽已是同族里仅存的独苗。随着岁月流逝，洞中再也长不出他最爱的蘑菇。于是他索性陷入沉眠……静待心仪的孢子再次随风飘入洞中。,|cFFFFD200地区：|r奈格塔尔|n|cFFFFD200掉落：|r沉睡者地穴,4965,256565,1269356,7467154,6,82,11,6,7,0
,|cFFFFD200商栈|r,4966,256566,1269358,7467155,6,16466,11,6,7,0
作为一个活生生的异象，它是卡斯雷瑟最为珍视的实验品。这只粉色毛皮的小家伙正欢快地在管道和导管中穿梭。,|cFFFFD200地区：|r节点希纳斯,4967,256567,1269361,2205238,7,82,5,6,7,0
群星以雷龙宝宝的形态行走在我们中间。,|cFFFFD200特殊|r |n,4968,256663,1269535,7489719,7,16466,7,6,7,0
钉钉已准备万全，随时能为任何建筑项目伸出援爪。它不强求零食，但多多益善。,|cFFFFD200特殊|r,4969,256698,1269627,7481108,7,16466,7,6,7,0
鲁玛会的把戏真不少，比如“坐下”，“别动”，还有“偷来”。,"|cFFFFD200任务：|r狂吠之贼
|cFFFFD200区域：|r永歌森林",4971,256759,1269889,6891875,7,210,1,6,7,0
这只胆大的精灵猎犬天生就爱追逐法力浮龙，以及任何长得像法力浮龙的东西……比如无人看管的香肠。,|cFFFFD200宝藏：|r消化了一半的物质|n|cFFFFD200地区：|r虚影风暴,4972,256985,1270553,6891874,7,210,0,41,7,0
达利早已厌倦了在索拉利安太阳浴场享受安逸的日子，它转而寻求充满新灵感的世界。而你，就是它的灵感。它将为你的世界涂抹上绚丽的色彩。,|cFFFFD200宝藏：|r冒泡的颜料壶|n|cFFFFD200地区：|r永歌森林,4974,246696,1241794,2399292,8,210,0,42,7,0
拉泽什·C向来以善解人意、处事沉稳和酷爱八卦而闻名。至于她名字里的“C”，那是“绝对有范儿”的意思。,|cFFFFD200特殊|r|n,4975,257493,1271843,5788264,0,16466,7,6,7,0
当虚空的呼唤偶尔变得微弱时，更小、更年轻的虚空行者也会响应它的召唤。,|cFFFFD200商人出售：|r构造体伊努伊|n|cFFFFD200地区：|r银月城|n|cFFFFD200价格：|r800|Hcurrency:3392|h|TInterface\ICONS\INV_10_ElementalCombinedFoozles_Blood.BLP:0|t|h,4976,257546,1271988,6992623,6,194,2,6,7,0
它诞生于庄严谷的火葬柴堆旁，这只雏鹰酒红色的羽毛至今仍带着烟与灰的气息。它在无声地提醒着人们：即使在失去之后，仍有新的生命可以振翅高飞。,|cFFFFD200任务：|r安静的道别|n|cFFFFD200地区：|r祖阿曼,4977,257616,1272165,7210236,2,146,1,6,7,0
他是个多情种子，而非好战之徒。,|cFFFFD200掉落：|r屠戮角斗财宝|n|cFFFFD200地区：|r主宰者之座,4981,257695,1272755,6703753,4,210,0,6,7,0
一只罕见的黑色永歌山猫幼崽，它的皮毛上隐约搏动着奥术能量。它是银月城魔导师培育出的品种，既是伙伴，也是魔法研究的媒介。,|cFFFFD200商人出售：|r学徒戴尔|n|cFFFFD200地区：|r永歌森林|n|cFFFFD200价格：|r200|Hcurrency:3379|h|TInterface\ICONS\INV_Elemental_Primal_Mana.blp:0|t|h,4982,257857,1272852,7390433,7,146,2,6,7,0
这只巨兽由奇点锚点的潜能汇聚而成，它将对你忠心耿耿，直到最后一刻。,|cFFFFD200掉落：|r胜利的斯托玛兰宝箱|n|cFFFFD200地区：|r虚影风暴,4983,257908,1273131,7126992,7,18,6,6,7,0
她讨厌被摸头，所以才穿了这身带刺的盔甲。,|cFFFFD200商人出售：|r萨拉卡达|n|cFFFFD200地区：|r主宰者之座|n|cFFFFD200阵营：|r屠戮角斗 - 崇敬|n|cFFFFD200价格：|r2500|Hcurrency:3316|h|TInterface\ICONS\INV_112_RaidTrinkets_VoidPrism.BLP:0|t|h,4984,257802,1272858,3007472,5,210,2,6,7,0
公主完美继承了她母亲沐血女爵的血脉，生就一副最锋利的尖爪和一对最毛茸的耳朵。,|cFFFFD200掉落：|r沐血女爵|n|cFFFFD200地区：|r永歌森林,4985,258281,1276430,7390435,7,2,0,6,7,0
这个小家伙在日翼栖木长大，最爱趁驯兽师不注意时捣乱。,|cFFFFD200宝藏：|r栖巢宝箱|n|cFFFFD200地区：|r银月城,5003,259728,1281048,6739639,1,210,0,6,7,0
这只鹰曾是金杜鲁游历祖阿曼期间最喜爱的伙伴。,|cFFFFD200任务：|r走向绝路|n|cFFFFD200地区：|r祖阿曼|n|n,5007,260149,1282832,7210231,7,210,1,6,7,0
这条小蛇孵化自一颗被净化的乌拉特克之卵。他的姐姐扎拉和一头搁浅在阿塔乌特克的孤独野兽交上了朋友。而他则与你结下了羁绊，将成为你永远的凶猛伙伴。,|cFFFFD200任务：|r小小的善意|n|cFFFFD200地区：|r盘卷蛇岛|n|n,5011,260792,1283105,8032874,7,210,1,6,7,0
人们经常能发现，这名魔法斥候在昔日冒险者留下的废弃物中翻找奥术点心。,|cFFFFD200成就：|r永歌森林的宝藏|n|cFFFFD200分类：|r至暗之夜,5012,260899,1284800,7390434,7,210,5,6,7,0
祖阿曼的巨鹰本是高贵的生灵，但在失去埃基尔松的庇护后，它们受尽磨难。破信者格尔洛克尤为残忍，甚至在雏鹰身上实验他的黑暗魔法。,|cFFFFD200仪式场地：|r残破神庙 ,5017,261676,1286610,7210236,2,82,0,6,7,0
嘟嘟在被俘时与母亲失散，虽然满心忧伤，却依旧凶猛。他最自豪的时刻，便是在喂食时狠狠咬上一口暮光之刃驯兽师的手。,|cFFFFD200仪式场地：|r残破神庙,5019,261684,1286634,7523130,7,82,0,6,7,0
纳迦混合了奥术与虚空魔力，干扰了刺脊营周边的法力浮龙，使其变得极具攻击性。在仪式后的残局中，极少数幸存的小法力龙展现出了独特的能力。,|cFFFFD200掉落：|r法力巨噬浮龙|n|cFFFFD200仪式场地：|r刺脊营,5020,262066,1287339,1386549,5,2,0,6,7,0
忠诚的毒鳍龙是所有纳迦最理想的伙伴。它们的环境适应力极强，尤其当周围环境也执意想要“改造”它们时。,|cFFFFD200仪式场地：|r刺脊营,5021,262089,1287374,2766227,8,82,0,6,7,0
遭到纳迦入侵者的蹂躏后，许多陆行鸟在刺脊营周边丧生。鲜有雏鸟能够幸存。,|cFFFFD200仪式场地：|r刺脊营,5022,262090,1287376,6703754,4,82,10,6,7,0
这只好奇心过重的小猫在各大仪式场地逗留的时间实在太长了。,|cFFFFD200仪式场地：|r低语丛林,5023,262092,1287380,7390433,7,82,0,6,7,0
趁你没留神的时候，鱼蛋把小库鲁尔给做掉了。不过别担心，他现在又满血复活了。,|cFFFFD200成就：|r外域全谱系宠物斗士|n|cFFFFD200分类：|r宠物对战|n|n,5026,262210,1287493,6116551,0,82,5,6,7,0
她是完美的杰作！不像那些被称为暮光雏龙的畸形基因垃圾！,|cFFFFD200成就：|r大地的裂变全谱系宠物斗士|n|cFFFFD200分类：|r宠物对战|n|n,5027,262220,1287534,5194263,1,82,5,6,7,0
它们不仅吸血，而且真的很逊。没了。,|cFFFFD200地区：|r盘卷蛇岛,5028,262222,1287537,7119299,7,154,4,6,7,0
乌拉特克的诅咒催生出了各式各样的毒蛇。离奇的是，其中居然也有某些娇小玲珑、甚至有些招人稀罕的小家伙！,|cFFFFD200地区：|r盘卷蛇岛,5029,262226,1287600,2399230,7,154,4,6,7,0
这些蛇拼了命才从毒池里爬出来，活得那叫一个凄惨。顺便问一句，你介意它们周末去你家蹭个沙发睡几天吗？,|cFFFFD200地区：|r盘卷蛇岛,5030,262246,1287593,2399235,7,154,4,6,7,0
这里有乌拉特克之嗣！这位可是乌拉特克的宝宝！,|cFFFFD200宠物对战：|r阿塔乌特克地窟,5031,262247,1287592,8032872,7,154,4,6,7,0
人人都说水豚没有天敌，但乌拉特克之嗣显然没收到这份通知。,|cFFFFD200地区：|r盘卷蛇岛,5032,262245,1287594,2205590,4,154,4,6,7,0
阿塔乌特克的吞蛇貂最近忙得不可开交。对于你的大驾光临，它们绝对举双手赞成。,|cFFFFD200地区：|r盘卷蛇岛,5033,262244,1287598,2027893,4,154,4,6,7,0
不折不扣的瞪眼大赛终极挑战者。,|cFFFFD200地区：|r盘卷蛇岛,5034,262243,1287599,2399288,8,154,4,6,7,0
完美融入了祖阿曼层林尽染的秋色之中。,|cFFFFD200地区：|r盘卷蛇岛,5035,262248,1287603,7116032,7,154,4,6,7,0
虽然受到的虚空能量辐射极其轻微，但它已开始展现出全新的虚空异能。只要接受正确的训练，这些能力就能处于掌控之下。——沃宁中士,|cFFFFD200商人出售：|r沃宁中士|n|cFFFFD200地区：|r银月城|n|cFFFFD200名望：|r仪式场地等级6|n|cFFFFD200价格：|r1800(INV_112_RaidTrinkets_VoidPrism.BLP),5036,262422,1287849,6739641,1,82,2,6,7,0
摧心者是深海中罕见的生灵。虽然它们的真正起源仍是未解之谜，但其历史可一直追溯到当年的黑暗帝国时代。,|cFFFFD200商人出售：|r沃宁中士|n|cFFFFD200地区：|r银月城|n|cFFFFD200名望：|r仪式场地等级6|n|cFFFFD200价格：|r1800(INV_112_RaidTrinkets_VoidPrism.BLP)|n,5037,262427,1287856,6011928,5,82,2,6,7,0
这些小家伙习惯在狭小的地洞安家，总是爱钻进各种缝隙里，偶尔甚至会误入补给袋。,|cFFFFD200掉落：|r扭动的野战袋|n|cFFFFD200敌对活动：|r祖阿曼,5038,262786,1288378,2205589,7,2,0,6,7,0
尽管倒霉地遭遇了多场虚空腐蚀危机，小卡皮还是坚强地挺了过来。它是极少数幸存下来并基本毫发无损的生物之一。,|cFFFFD200商人出售：|r沃宁中士|n|cFFFFD200地区：|r银月城|n|cFFFFD200成就：|r星界灭绝者|n|cFFFFD200价格：|r1800(INV_112_RaidTrinkets_VoidPrism.BLP),5039,262787,1288380,2205590,7,82,0,6,7,0
虽然“好奇害死猫”这句话并非因永歌山猫而起，但它们那些鲁莽的幼崽确实总爱往前线跑。在远征途中，一些游侠在补给箱意外发现了一生相随的伙伴。,|cFFFFD200掉落：|r扭动的野战袋|n|cFFFFD200敌对活动：|r永歌森林,5040,262788,1288381,7390432,7,2,0,6,7,0
诞生于烈焰与飞羽的仪式中，她伴随着躁动的高热逐渐成长。她总能寻得最鲜嫩的软肉与最刺鼻的气息；随着那娇小的双翼轻盈扑扇，她将安抚的暖意与灼人的余烬一并洒向所及之处。,|cFFFFD200任务：|r龙鹰扑火|n|cFFFFD200地区：|r祖阿曼|n|n,5041,262985,1288774,6739637,1,210,1,6,7,0
这种罕见的变异恐惧蝠泛起幽幽绿光，是兼收并蓄的宠物收藏家争抢的礼物。,|cFFFFD200游戏商城|r,5042,263232,1289296,7657804,2,16466,9,6,7,0
这只飞蛾如阳光下的尘埃般慵懒，随风漫无目的地飘荡，似乎完全不急着赶路。,|cFFFFD200游戏商城|r|n,5052,263995,1291367,7570980,2,16466,9,6,7,0
煞能将这头角鹰兽宝宝扭曲成了一只既可爱又可怕的生物。强烈情感在它的体内奔流，使其成为了一个萌点十足的末日先驱。,|cFFFFD200游戏商城|r,5060,264163,1291667,7657991,2,16466,9,6,7,0
,,5061,264280,0,2027906,4,1056,-1,6,7,0
,|cFFFFD200特殊：|r2026年暴雪嘉年华,5064,264863,1293301,7845057,0,82,7,6,7,0
真正的深渊钓客，由深潜者杰祖亲自认证。,|cFFFFD200商人出售：|r深潜者图纳基特|n|cFFFFD200地区：|r祖阿曼|n|cFFFFD200价格：|r2400|Hcurrency:3373|h|TInterface\ICONS\Item_enchantedpearl.blp:0|t|h|n|n,5065,264933,1293499,2205592,4,154,10,6,7,0
个头虽然娇小，但力量不容小觑。,|cFFFFD200商人：|r二副斯拉格斯,5070,265786,1295938,5041291,6,210,2,6,7,0
它们在小时候真是太可爱了！不过你还是不想碰它……,|cFFFFD200商人出售：|r艾琳耶的头骨|n|cFFFFD200地区：|r阿塔乌特克地窟|n|cFFFFD200价格：|r5000|Hcurrency:3448|h|TInterface\ICONS\INV_121_Ulatek_Currency.BLP:0|t|h,5071,266464,1297094,8032870,7,210,2,6,7,0
最幼小的毒牙，咬起人来却最为致命。,|cFFFFD200商人出售：|r艾琳耶的头骨|n|cFFFFD200地区：|r阿塔乌特克地窟|n|cFFFFD200价格：|r5000|Hcurrency:3448|h|TInterface\ICONS\INV_121_Ulatek_Currency.BLP:0|t|h,5072,266469,1297098,8125100,7,210,2,6,7,0
为了不负先祖的狂暴威名，这个小家伙已经做好了大闹一场的准备。她打算先拿小蜘蛛练练手，然后再一步步挑战更大的猎物。,|cFFFFD200成就：|r巨凶龙大屠杀|n|cFFFFD200商人出售：|r琪法安|n|cFFFFD200地区：|r瓦尔或奈格塔尔|n|cFFFFD200价格：|r15|Hcurrency:3316|h|TInterface\ICONS\INV_112_RaidTrinkets_VoidPrism.BLP:0|t|h,5073,266577,1267050,7126995,7,82,5,6,7,0
与虚影风暴里的大多数虚空行者不同，寂声更偏爱无声的宁静。为此，它甚至不介意让那些喋喋不休的同族永远闭嘴。,|cFFFFD200成就：|r虚空决战制胜：瓦尔和虚空决战制胜：奈格塔尔|n|cFFFFD200商人出售：|r琪法安|n|cFFFFD200地区：|r瓦尔或奈格塔尔|n|cFFFFD200价格：|r15|Hcurrency:3316|h|TInterface\ICONS\INV_112_RaidTrinkets_VoidPrism.BLP:0|t|h,5074,266580,1297418,6992623,6,82,5,6,7,0
澎湃的魔法核心悬浮其间，驱动着这具专为收割而生的躯壳。,|cFFFFD200商人出售：|r构造体瓦诺雷|n|cFFFFD200地区：|r银月城|n|cFFFFD200价格：|r1200|Hcurrency:3392|h|TInterface\ICONS\INV_10_ElementalCombinedFoozles_Blood.BLP:0|t|h,5076,266833,1297702,7881305,9,18,2,6,7,0
,,5077,266834,1297703,7881306,9,32,-1,6,7,0
步履之间法力轰鸣，铁拳挥落追猎终结。,|cFFFFD200商人出售：|r构造体瓦诺雷|n|cFFFFD200地区：|r银月城|n|cFFFFD200价格：|r1200|Hcurrency:3392|h|TInterface\ICONS\INV_10_ElementalCombinedFoozles_Blood.BLP:0|t|h,5078,266835,1297704,7881307,9,18,2,6,7,0
乌拉特克的剧毒意外催生出了风蛇的全新配色，比如这只粉嫩的小家伙。,|cFFFFD200掉落：|r蠕动的毒浸背包|n|cFFFFD200地区：|r盘卷蛇岛,5092,267689,1299089,8125117,7,210,0,6,7,0
既想要抓耳挠腮的抚摸，又想要残忍的鲜血献祭。,|cFFFFD200商人出售：|r警惕的詹萨莉|n|cFFFFD200地区：|r盘卷蛇岛|n|cFFFFD200价格：|r2500|Hcurrency:3316|h|TInterface\ICONS\INV_112_RaidTrinkets_VoidPrism.BLP:0|t|h|n|n,5093,267805,1299255,8125118,7,210,2,6,7,0
可别被这只猫咪冰冷孤傲的外表给吓退了。,|cFFFFD200商栈|r,5114,268609,1301935,8014864,7,16466,11,6,7,0
经常会为了所谓的“研究需要”，把架子上的药水和材料统统扫落在地。,|cFFFFD200商栈|r,5115,268636,1302008,8014864,7,16466,11,6,7,0
有时候，美美地睡上一场猫觉，就足以让你免于一死。,|cFFFFD200商栈|r,5116,268671,1302084,7977787,7,16466,11,6,7,0
千万别让这只猫挡了你的道。,|cFFFFD200商栈|r,5117,268672,1302088,7977787,7,16466,11,6,7,0
如果一只猫咪是在托尔维尔人中间被抚养长大的，那它变得有那么点高冷，又有什么可责怪的呢？,|cFFFFD200商栈|r,5118,268675,1302094,7977817,7,16466,11,6,7,0
对于最娇小的其拉虫人来说，阿喵比萨斯简直就是个大麻烦。,|cFFFFD200商栈|r,5119,268676,1302095,7977817,7,16466,11,6,7,0
即便是破产的仪式，也总会留下点什么。,|cFFFFD200掉落：|r盘魂者内克扎莉|n|cFFFFD200地区：|r烈毒之渊,5125,269501,1304581,7558868,5,202,0,6,7,0
被它咬上一口，注入的可不仅仅是毒液。,|cFFFFD200掉落：|r拉尔卡拉|n,5126,269712,1305199,2399234,7,18,0,6,7,0
在毒牙祭坛拯救而出，蜿蜒之牙展现出了超乎想象的坚韧与凶猛——而且，它真的好可爱。,|cFFFFD200地区：|r毒牙祭坛,5129,270147,1306197,8032873,7,194,5,6,7,0
在你勇闯烈毒之渊的严酷试炼中被寻获，这小家伙的咬合力可真不是闹着玩的！,|cFFFFD200成就：|r保全蛇卵|n|cFFFFD200分类：|r至暗之夜团队副本,5130,270425,1306694,8125119,7,210,5,6,7,0
断筋钳嘴龟。当然，在多头蛇眼里，它也叫嘎嘣脆小零食。,|cFFFFD200成就：|r零食成堆|n|cFFFFD200分类：|r至暗之夜,5131,270857,1307328,8032875,8,210,5,6,7,0
被它咬上一口，简直跟带电一般享受。,|cFFFFD200成就：|r盘卷蛇岛大狩猎,5132,271086,1307843,8125120,7,210,5,6,7,0
两只青蛙陷入了永恒的对决——不仅比谁叫得响，更比谁先咽气。,|cFFFFD200宝藏：|r倒霉斥候的背包|n|cFFFFD200地区：|r盘卷蛇岛,5133,271106,1307875,2399247,7,210,0,6,7,0
注入了狂暴的精魂，并融合了多种无瑕的仪式材料。,|cFFFFD200发现：|r奥菲的贡品,5134,271163,1307902,7558868,5,138,0,6,7,0
大块头原本一直都是孤身一人，直到他发现了一只受伤的吞蛇貂。他悉心照料这只吞蛇貂直至其康复，并给它起名叫“小不点”。大块头虽然是个亡灵，但他并非铁石心肠。他深爱着小不点，愿意为了保护自己唯一的挚友而付出一切。,|cFFFFD200掉落：|r大块头|n|cFFFFD200地区：|r盘卷蛇岛|n,5137,271772,1309175,2027894,7,210,0,6,7,0
